<?xml version="1.0" encoding="utf-8"?>
<Animation name="Idle">
<Duration>1.625</Duration>
<animBone boneIndex="0">
<KeyFrames numKeys="40">
<keyFrame num="0">
<keyTime>0</keyTime>
<localTransform>
<xAxis><x>1.000000</x><y>0.000000</y><z>0.000000</z><w>0.000000</w></xAxis>
<yAxis><x>0.000000</x><y>1.000000</y><z>0.000000</z><w>0.000000</w></yAxis>
<zAxis><x>0.000000</x><y>0.000000</y><z>1.000000</z><w>0.000000</w></zAxis>
<wAxis><x>0.000000</x><y>0.846566</y><z>-0.038054</z><w>1.000000</w></wAxis>
</localTransform>
<worldTransform>
<xAxis><x>1.000000</x><y>0.000000</y><z>0.000000</z><w>0.000000</w></xAxis>
<yAxis><x>0.000000</x><y>1.000000</y><z>0.000000</z><w>0.000000</w></yAxis>
<zAxis><x>0.000000</x><y>0.000000</y><z>1.000000</z><w>0.000000</w></zAxis>
<wAxis><x>0.000000</x><y>0.846566</y><z>-0.038054</z><w>1.000000</w></wAxis>
</worldTransform>
</keyFrame>
<keyFrame num="1">
<keyTime>0.0416667</keyTime>
<localTransform>
<xAxis><x>1.000000</x><y>0.000000</y><z>0.000000</z><w>0.000000</w></xAxis>
<yAxis><x>0.000000</x><y>0.997510</y><z>0.070531</z><w>0.000000</w></yAxis>
<zAxis><x>0.000000</x><y>-0.070531</y><z>0.997510</z><w>0.000000</w></zAxis>
<wAxis><x>0.000000</x><y>0.830430</y><z>-0.038054</z><w>1.000000</w></wAxis>
</localTransform>
<worldTransform>
<xAxis><x>1.000000</x><y>0.000000</y><z>0.000000</z><w>0.000000</w></xAxis>
<yAxis><x>0.000000</x><y>0.997510</y><z>0.070531</z><w>0.000000</w></yAxis>
<zAxis><x>0.000000</x><y>-0.070531</y><z>0.997510</z><w>0.000000</w></zAxis>
<wAxis><x>0.000000</x><y>0.830430</y><z>-0.038054</z><w>1.000000</w></wAxis>
</worldTransform>
</keyFrame>
<keyFrame num="2">
<keyTime>0.0833333</keyTime>
<localTransform>
<xAxis><x>1.000000</x><y>0.000000</y><z>0.000000</z><w>0.000000</w></xAxis>
<yAxis><x>0.000000</x><y>0.997510</y><z>0.070531</z><w>0.000000</w></yAxis>
<zAxis><x>0.000000</x><y>-0.070531</y><z>0.997510</z><w>0.000000</w></zAxis>
<wAxis><x>0.000000</x><y>0.829313</y><z>-0.038054</z><w>1.000000</w></wAxis>
</localTransform>
<worldTransform>
<xAxis><x>1.000000</x><y>0.000000</y><z>0.000000</z><w>0.000000</w></xAxis>
<yAxis><x>0.000000</x><y>0.997510</y><z>0.070531</z><w>0.000000</w></yAxis>
<zAxis><x>0.000000</x><y>-0.070531</y><z>0.997510</z><w>0.000000</w></zAxis>
<wAxis><x>0.000000</x><y>0.829313</y><z>-0.038054</z><w>1.000000</w></wAxis>
</worldTransform>
</keyFrame>
<keyFrame num="3">
<keyTime>0.125</keyTime>
<localTransform>
<xAxis><x>1.000000</x><y>0.000000</y><z>0.000000</z><w>0.000000</w></xAxis>
<yAxis><x>0.000000</x><y>0.997510</y><z>0.070531</z><w>0.000000</w></yAxis>
<zAxis><x>0.000000</x><y>-0.070531</y><z>0.997510</z><w>0.000000</w></zAxis>
<wAxis><x>0.000000</x><y>0.828196</y><z>-0.038054</z><w>1.000000</w></wAxis>
</localTransform>
<worldTransform>
<xAxis><x>1.000000</x><y>0.000000</y><z>0.000000</z><w>0.000000</w></xAxis>
<yAxis><x>0.000000</x><y>0.997510</y><z>0.070531</z><w>0.000000</w></yAxis>
<zAxis><x>0.000000</x><y>-0.070531</y><z>0.997510</z><w>0.000000</w></zAxis>
<wAxis><x>0.000000</x><y>0.828196</y><z>-0.038054</z><w>1.000000</w></wAxis>
</worldTransform>
</keyFrame>
<keyFrame num="4">
<keyTime>0.166667</keyTime>
<localTransform>
<xAxis><x>1.000000</x><y>0.000000</y><z>0.000000</z><w>0.000000</w></xAxis>
<yAxis><x>0.000000</x><y>0.997510</y><z>0.070531</z><w>0.000000</w></yAxis>
<zAxis><x>0.000000</x><y>-0.070531</y><z>0.997510</z><w>0.000000</w></zAxis>
<wAxis><x>0.000000</x><y>0.827079</y><z>-0.038054</z><w>1.000000</w></wAxis>
</localTransform>
<worldTransform>
<xAxis><x>1.000000</x><y>0.000000</y><z>0.000000</z><w>0.000000</w></xAxis>
<yAxis><x>0.000000</x><y>0.997510</y><z>0.070531</z><w>0.000000</w></yAxis>
<zAxis><x>0.000000</x><y>-0.070531</y><z>0.997510</z><w>0.000000</w></zAxis>
<wAxis><x>0.000000</x><y>0.827079</y><z>-0.038054</z><w>1.000000</w></wAxis>
</worldTransform>
</keyFrame>
<keyFrame num="5">
<keyTime>0.208333</keyTime>
<localTransform>
<xAxis><x>1.000000</x><y>0.000000</y><z>0.000000</z><w>0.000000</w></xAxis>
<yAxis><x>0.000000</x><y>0.997510</y><z>0.070531</z><w>0.000000</w></yAxis>
<zAxis><x>0.000000</x><y>-0.070531</y><z>0.997510</z><w>0.000000</w></zAxis>
<wAxis><x>0.000000</x><y>0.825962</y><z>-0.038054</z><w>1.000000</w></wAxis>
</localTransform>
<worldTransform>
<xAxis><x>1.000000</x><y>0.000000</y><z>0.000000</z><w>0.000000</w></xAxis>
<yAxis><x>0.000000</x><y>0.997510</y><z>0.070531</z><w>0.000000</w></yAxis>
<zAxis><x>0.000000</x><y>-0.070531</y><z>0.997510</z><w>0.000000</w></zAxis>
<wAxis><x>0.000000</x><y>0.825962</y><z>-0.038054</z><w>1.000000</w></wAxis>
</worldTransform>
</keyFrame>
<keyFrame num="6">
<keyTime>0.25</keyTime>
<localTransform>
<xAxis><x>1.000000</x><y>0.000000</y><z>0.000000</z><w>0.000000</w></xAxis>
<yAxis><x>0.000000</x><y>0.997510</y><z>0.070531</z><w>0.000000</w></yAxis>
<zAxis><x>0.000000</x><y>-0.070531</y><z>0.997510</z><w>0.000000</w></zAxis>
<wAxis><x>0.000000</x><y>0.824845</y><z>-0.038054</z><w>1.000000</w></wAxis>
</localTransform>
<worldTransform>
<xAxis><x>1.000000</x><y>0.000000</y><z>0.000000</z><w>0.000000</w></xAxis>
<yAxis><x>0.000000</x><y>0.997510</y><z>0.070531</z><w>0.000000</w></yAxis>
<zAxis><x>0.000000</x><y>-0.070531</y><z>0.997510</z><w>0.000000</w></zAxis>
<wAxis><x>0.000000</x><y>0.824845</y><z>-0.038054</z><w>1.000000</w></wAxis>
</worldTransform>
</keyFrame>
<keyFrame num="7">
<keyTime>0.291667</keyTime>
<localTransform>
<xAxis><x>1.000000</x><y>0.000000</y><z>0.000000</z><w>0.000000</w></xAxis>
<yAxis><x>0.000000</x><y>0.997510</y><z>0.070531</z><w>0.000000</w></yAxis>
<zAxis><x>0.000000</x><y>-0.070531</y><z>0.997510</z><w>0.000000</w></zAxis>
<wAxis><x>0.000000</x><y>0.823728</y><z>-0.038054</z><w>1.000000</w></wAxis>
</localTransform>
<worldTransform>
<xAxis><x>1.000000</x><y>0.000000</y><z>0.000000</z><w>0.000000</w></xAxis>
<yAxis><x>0.000000</x><y>0.997510</y><z>0.070531</z><w>0.000000</w></yAxis>
<zAxis><x>0.000000</x><y>-0.070531</y><z>0.997510</z><w>0.000000</w></zAxis>
<wAxis><x>0.000000</x><y>0.823728</y><z>-0.038054</z><w>1.000000</w></wAxis>
</worldTransform>
</keyFrame>
<keyFrame num="8">
<keyTime>0.333333</keyTime>
<localTransform>
<xAxis><x>1.000000</x><y>0.000000</y><z>0.000000</z><w>0.000000</w></xAxis>
<yAxis><x>0.000000</x><y>0.997510</y><z>0.070531</z><w>0.000000</w></yAxis>
<zAxis><x>0.000000</x><y>-0.070531</y><z>0.997510</z><w>0.000000</w></zAxis>
<wAxis><x>0.000000</x><y>0.822611</y><z>-0.038054</z><w>1.000000</w></wAxis>
</localTransform>
<worldTransform>
<xAxis><x>1.000000</x><y>0.000000</y><z>0.000000</z><w>0.000000</w></xAxis>
<yAxis><x>0.000000</x><y>0.997510</y><z>0.070531</z><w>0.000000</w></yAxis>
<zAxis><x>0.000000</x><y>-0.070531</y><z>0.997510</z><w>0.000000</w></zAxis>
<wAxis><x>0.000000</x><y>0.822611</y><z>-0.038054</z><w>1.000000</w></wAxis>
</worldTransform>
</keyFrame>
<keyFrame num="9">
<keyTime>0.375</keyTime>
<localTransform>
<xAxis><x>1.000000</x><y>0.000000</y><z>0.000000</z><w>0.000000</w></xAxis>
<yAxis><x>0.000000</x><y>0.997510</y><z>0.070531</z><w>0.000000</w></yAxis>
<zAxis><x>0.000000</x><y>-0.070531</y><z>0.997510</z><w>0.000000</w></zAxis>
<wAxis><x>0.000000</x><y>0.821493</y><z>-0.038054</z><w>1.000000</w></wAxis>
</localTransform>
<worldTransform>
<xAxis><x>1.000000</x><y>0.000000</y><z>0.000000</z><w>0.000000</w></xAxis>
<yAxis><x>0.000000</x><y>0.997510</y><z>0.070531</z><w>0.000000</w></yAxis>
<zAxis><x>0.000000</x><y>-0.070531</y><z>0.997510</z><w>0.000000</w></zAxis>
<wAxis><x>0.000000</x><y>0.821493</y><z>-0.038054</z><w>1.000000</w></wAxis>
</worldTransform>
</keyFrame>
<keyFrame num="10">
<keyTime>0.416667</keyTime>
<localTransform>
<xAxis><x>1.000000</x><y>0.000000</y><z>0.000000</z><w>0.000000</w></xAxis>
<yAxis><x>0.000000</x><y>0.997510</y><z>0.070531</z><w>0.000000</w></yAxis>
<zAxis><x>0.000000</x><y>-0.070531</y><z>0.997510</z><w>0.000000</w></zAxis>
<wAxis><x>0.000000</x><y>0.820376</y><z>-0.038054</z><w>1.000000</w></wAxis>
</localTransform>
<worldTransform>
<xAxis><x>1.000000</x><y>0.000000</y><z>0.000000</z><w>0.000000</w></xAxis>
<yAxis><x>0.000000</x><y>0.997510</y><z>0.070531</z><w>0.000000</w></yAxis>
<zAxis><x>0.000000</x><y>-0.070531</y><z>0.997510</z><w>0.000000</w></zAxis>
<wAxis><x>0.000000</x><y>0.820376</y><z>-0.038054</z><w>1.000000</w></wAxis>
</worldTransform>
</keyFrame>
<keyFrame num="11">
<keyTime>0.458333</keyTime>
<localTransform>
<xAxis><x>1.000000</x><y>0.000000</y><z>0.000000</z><w>0.000000</w></xAxis>
<yAxis><x>0.000000</x><y>0.997510</y><z>0.070531</z><w>0.000000</w></yAxis>
<zAxis><x>0.000000</x><y>-0.070531</y><z>0.997510</z><w>0.000000</w></zAxis>
<wAxis><x>0.000000</x><y>0.819259</y><z>-0.038054</z><w>1.000000</w></wAxis>
</localTransform>
<worldTransform>
<xAxis><x>1.000000</x><y>0.000000</y><z>0.000000</z><w>0.000000</w></xAxis>
<yAxis><x>0.000000</x><y>0.997510</y><z>0.070531</z><w>0.000000</w></yAxis>
<zAxis><x>0.000000</x><y>-0.070531</y><z>0.997510</z><w>0.000000</w></zAxis>
<wAxis><x>0.000000</x><y>0.819259</y><z>-0.038054</z><w>1.000000</w></wAxis>
</worldTransform>
</keyFrame>
<keyFrame num="12">
<keyTime>0.5</keyTime>
<localTransform>
<xAxis><x>1.000000</x><y>0.000000</y><z>0.000000</z><w>0.000000</w></xAxis>
<yAxis><x>0.000000</x><y>0.997510</y><z>0.070531</z><w>0.000000</w></yAxis>
<zAxis><x>0.000000</x><y>-0.070531</y><z>0.997510</z><w>0.000000</w></zAxis>
<wAxis><x>0.000000</x><y>0.818142</y><z>-0.038054</z><w>1.000000</w></wAxis>
</localTransform>
<worldTransform>
<xAxis><x>1.000000</x><y>0.000000</y><z>0.000000</z><w>0.000000</w></xAxis>
<yAxis><x>0.000000</x><y>0.997510</y><z>0.070531</z><w>0.000000</w></yAxis>
<zAxis><x>0.000000</x><y>-0.070531</y><z>0.997510</z><w>0.000000</w></zAxis>
<wAxis><x>0.000000</x><y>0.818142</y><z>-0.038054</z><w>1.000000</w></wAxis>
</worldTransform>
</keyFrame>
<keyFrame num="13">
<keyTime>0.541667</keyTime>
<localTransform>
<xAxis><x>1.000000</x><y>0.000000</y><z>0.000000</z><w>0.000000</w></xAxis>
<yAxis><x>0.000000</x><y>0.997510</y><z>0.070531</z><w>0.000000</w></yAxis>
<zAxis><x>0.000000</x><y>-0.070531</y><z>0.997510</z><w>0.000000</w></zAxis>
<wAxis><x>0.000000</x><y>0.817025</y><z>-0.038054</z><w>1.000000</w></wAxis>
</localTransform>
<worldTransform>
<xAxis><x>1.000000</x><y>0.000000</y><z>0.000000</z><w>0.000000</w></xAxis>
<yAxis><x>0.000000</x><y>0.997510</y><z>0.070531</z><w>0.000000</w></yAxis>
<zAxis><x>0.000000</x><y>-0.070531</y><z>0.997510</z><w>0.000000</w></zAxis>
<wAxis><x>0.000000</x><y>0.817025</y><z>-0.038054</z><w>1.000000</w></wAxis>
</worldTransform>
</keyFrame>
<keyFrame num="14">
<keyTime>0.583333</keyTime>
<localTransform>
<xAxis><x>1.000000</x><y>0.000000</y><z>0.000000</z><w>0.000000</w></xAxis>
<yAxis><x>0.000000</x><y>0.997510</y><z>0.070531</z><w>0.000000</w></yAxis>
<zAxis><x>0.000000</x><y>-0.070531</y><z>0.997510</z><w>0.000000</w></zAxis>
<wAxis><x>0.000000</x><y>0.815908</y><z>-0.038054</z><w>1.000000</w></wAxis>
</localTransform>
<worldTransform>
<xAxis><x>1.000000</x><y>0.000000</y><z>0.000000</z><w>0.000000</w></xAxis>
<yAxis><x>0.000000</x><y>0.997510</y><z>0.070531</z><w>0.000000</w></yAxis>
<zAxis><x>0.000000</x><y>-0.070531</y><z>0.997510</z><w>0.000000</w></zAxis>
<wAxis><x>0.000000</x><y>0.815908</y><z>-0.038054</z><w>1.000000</w></wAxis>
</worldTransform>
</keyFrame>
<keyFrame num="15">
<keyTime>0.625</keyTime>
<localTransform>
<xAxis><x>1.000000</x><y>0.000000</y><z>0.000000</z><w>0.000000</w></xAxis>
<yAxis><x>0.000000</x><y>0.997510</y><z>0.070531</z><w>0.000000</w></yAxis>
<zAxis><x>0.000000</x><y>-0.070531</y><z>0.997510</z><w>0.000000</w></zAxis>
<wAxis><x>0.000000</x><y>0.814791</y><z>-0.038054</z><w>1.000000</w></wAxis>
</localTransform>
<worldTransform>
<xAxis><x>1.000000</x><y>0.000000</y><z>0.000000</z><w>0.000000</w></xAxis>
<yAxis><x>0.000000</x><y>0.997510</y><z>0.070531</z><w>0.000000</w></yAxis>
<zAxis><x>0.000000</x><y>-0.070531</y><z>0.997510</z><w>0.000000</w></zAxis>
<wAxis><x>0.000000</x><y>0.814791</y><z>-0.038054</z><w>1.000000</w></wAxis>
</worldTransform>
</keyFrame>
<keyFrame num="16">
<keyTime>0.666667</keyTime>
<localTransform>
<xAxis><x>1.000000</x><y>0.000000</y><z>0.000000</z><w>0.000000</w></xAxis>
<yAxis><x>0.000000</x><y>0.997510</y><z>0.070531</z><w>0.000000</w></yAxis>
<zAxis><x>0.000000</x><y>-0.070531</y><z>0.997510</z><w>0.000000</w></zAxis>
<wAxis><x>0.000000</x><y>0.813674</y><z>-0.038054</z><w>1.000000</w></wAxis>
</localTransform>
<worldTransform>
<xAxis><x>1.000000</x><y>0.000000</y><z>0.000000</z><w>0.000000</w></xAxis>
<yAxis><x>0.000000</x><y>0.997510</y><z>0.070531</z><w>0.000000</w></yAxis>
<zAxis><x>0.000000</x><y>-0.070531</y><z>0.997510</z><w>0.000000</w></zAxis>
<wAxis><x>0.000000</x><y>0.813674</y><z>-0.038054</z><w>1.000000</w></wAxis>
</worldTransform>
</keyFrame>
<keyFrame num="17">
<keyTime>0.708333</keyTime>
<localTransform>
<xAxis><x>1.000000</x><y>0.000000</y><z>0.000000</z><w>0.000000</w></xAxis>
<yAxis><x>0.000000</x><y>0.997510</y><z>0.070531</z><w>0.000000</w></yAxis>
<zAxis><x>0.000000</x><y>-0.070531</y><z>0.997510</z><w>0.000000</w></zAxis>
<wAxis><x>0.000000</x><y>0.812557</y><z>-0.038054</z><w>1.000000</w></wAxis>
</localTransform>
<worldTransform>
<xAxis><x>1.000000</x><y>0.000000</y><z>0.000000</z><w>0.000000</w></xAxis>
<yAxis><x>0.000000</x><y>0.997510</y><z>0.070531</z><w>0.000000</w></yAxis>
<zAxis><x>0.000000</x><y>-0.070531</y><z>0.997510</z><w>0.000000</w></zAxis>
<wAxis><x>0.000000</x><y>0.812557</y><z>-0.038054</z><w>1.000000</w></wAxis>
</worldTransform>
</keyFrame>
<keyFrame num="18">
<keyTime>0.75</keyTime>
<localTransform>
<xAxis><x>1.000000</x><y>0.000000</y><z>0.000000</z><w>0.000000</w></xAxis>
<yAxis><x>0.000000</x><y>0.997510</y><z>0.070531</z><w>0.000000</w></yAxis>
<zAxis><x>0.000000</x><y>-0.070531</y><z>0.997510</z><w>0.000000</w></zAxis>
<wAxis><x>0.000000</x><y>0.811440</y><z>-0.038054</z><w>1.000000</w></wAxis>
</localTransform>
<worldTransform>
<xAxis><x>1.000000</x><y>0.000000</y><z>0.000000</z><w>0.000000</w></xAxis>
<yAxis><x>0.000000</x><y>0.997510</y><z>0.070531</z><w>0.000000</w></yAxis>
<zAxis><x>0.000000</x><y>-0.070531</y><z>0.997510</z><w>0.000000</w></zAxis>
<wAxis><x>0.000000</x><y>0.811440</y><z>-0.038054</z><w>1.000000</w></wAxis>
</worldTransform>
</keyFrame>
<keyFrame num="19">
<keyTime>0.791667</keyTime>
<localTransform>
<xAxis><x>1.000000</x><y>0.000000</y><z>0.000000</z><w>0.000000</w></xAxis>
<yAxis><x>0.000000</x><y>0.997510</y><z>0.070531</z><w>0.000000</w></yAxis>
<zAxis><x>0.000000</x><y>-0.070531</y><z>0.997510</z><w>0.000000</w></zAxis>
<wAxis><x>0.000000</x><y>0.810323</y><z>-0.038054</z><w>1.000000</w></wAxis>
</localTransform>
<worldTransform>
<xAxis><x>1.000000</x><y>0.000000</y><z>0.000000</z><w>0.000000</w></xAxis>
<yAxis><x>0.000000</x><y>0.997510</y><z>0.070531</z><w>0.000000</w></yAxis>
<zAxis><x>0.000000</x><y>-0.070531</y><z>0.997510</z><w>0.000000</w></zAxis>
<wAxis><x>0.000000</x><y>0.810323</y><z>-0.038054</z><w>1.000000</w></wAxis>
</worldTransform>
</keyFrame>
<keyFrame num="20">
<keyTime>0.833333</keyTime>
<localTransform>
<xAxis><x>1.000000</x><y>0.000000</y><z>0.000000</z><w>0.000000</w></xAxis>
<yAxis><x>0.000000</x><y>0.997510</y><z>0.070531</z><w>0.000000</w></yAxis>
<zAxis><x>0.000000</x><y>-0.070531</y><z>0.997510</z><w>0.000000</w></zAxis>
<wAxis><x>0.000000</x><y>0.811384</y><z>-0.038054</z><w>1.000000</w></wAxis>
</localTransform>
<worldTransform>
<xAxis><x>1.000000</x><y>0.000000</y><z>0.000000</z><w>0.000000</w></xAxis>
<yAxis><x>0.000000</x><y>0.997510</y><z>0.070531</z><w>0.000000</w></yAxis>
<zAxis><x>0.000000</x><y>-0.070531</y><z>0.997510</z><w>0.000000</w></zAxis>
<wAxis><x>0.000000</x><y>0.811384</y><z>-0.038054</z><w>1.000000</w></wAxis>
</worldTransform>
</keyFrame>
<keyFrame num="21">
<keyTime>0.875</keyTime>
<localTransform>
<xAxis><x>1.000000</x><y>0.000000</y><z>0.000000</z><w>0.000000</w></xAxis>
<yAxis><x>0.000000</x><y>0.997510</y><z>0.070531</z><w>0.000000</w></yAxis>
<zAxis><x>0.000000</x><y>-0.070531</y><z>0.997510</z><w>0.000000</w></zAxis>
<wAxis><x>0.000000</x><y>0.812446</y><z>-0.038054</z><w>1.000000</w></wAxis>
</localTransform>
<worldTransform>
<xAxis><x>1.000000</x><y>0.000000</y><z>0.000000</z><w>0.000000</w></xAxis>
<yAxis><x>0.000000</x><y>0.997510</y><z>0.070531</z><w>0.000000</w></yAxis>
<zAxis><x>0.000000</x><y>-0.070531</y><z>0.997510</z><w>0.000000</w></zAxis>
<wAxis><x>0.000000</x><y>0.812446</y><z>-0.038054</z><w>1.000000</w></wAxis>
</worldTransform>
</keyFrame>
<keyFrame num="22">
<keyTime>0.916667</keyTime>
<localTransform>
<xAxis><x>1.000000</x><y>0.000000</y><z>0.000000</z><w>0.000000</w></xAxis>
<yAxis><x>0.000000</x><y>0.997510</y><z>0.070531</z><w>0.000000</w></yAxis>
<zAxis><x>0.000000</x><y>-0.070531</y><z>0.997510</z><w>0.000000</w></zAxis>
<wAxis><x>0.000000</x><y>0.813507</y><z>-0.038054</z><w>1.000000</w></wAxis>
</localTransform>
<worldTransform>
<xAxis><x>1.000000</x><y>0.000000</y><z>0.000000</z><w>0.000000</w></xAxis>
<yAxis><x>0.000000</x><y>0.997510</y><z>0.070531</z><w>0.000000</w></yAxis>
<zAxis><x>0.000000</x><y>-0.070531</y><z>0.997510</z><w>0.000000</w></zAxis>
<wAxis><x>0.000000</x><y>0.813507</y><z>-0.038054</z><w>1.000000</w></wAxis>
</worldTransform>
</keyFrame>
<keyFrame num="23">
<keyTime>0.958333</keyTime>
<localTransform>
<xAxis><x>1.000000</x><y>0.000000</y><z>0.000000</z><w>0.000000</w></xAxis>
<yAxis><x>0.000000</x><y>0.997510</y><z>0.070531</z><w>0.000000</w></yAxis>
<zAxis><x>0.000000</x><y>-0.070531</y><z>0.997510</z><w>0.000000</w></zAxis>
<wAxis><x>0.000000</x><y>0.814568</y><z>-0.038054</z><w>1.000000</w></wAxis>
</localTransform>
<worldTransform>
<xAxis><x>1.000000</x><y>0.000000</y><z>0.000000</z><w>0.000000</w></xAxis>
<yAxis><x>0.000000</x><y>0.997510</y><z>0.070531</z><w>0.000000</w></yAxis>
<zAxis><x>0.000000</x><y>-0.070531</y><z>0.997510</z><w>0.000000</w></zAxis>
<wAxis><x>0.000000</x><y>0.814568</y><z>-0.038054</z><w>1.000000</w></wAxis>
</worldTransform>
</keyFrame>
<keyFrame num="24">
<keyTime>1</keyTime>
<localTransform>
<xAxis><x>1.000000</x><y>0.000000</y><z>0.000000</z><w>0.000000</w></xAxis>
<yAxis><x>0.000000</x><y>0.997510</y><z>0.070531</z><w>0.000000</w></yAxis>
<zAxis><x>0.000000</x><y>-0.070531</y><z>0.997510</z><w>0.000000</w></zAxis>
<wAxis><x>0.000000</x><y>0.815629</y><z>-0.038054</z><w>1.000000</w></wAxis>
</localTransform>
<worldTransform>
<xAxis><x>1.000000</x><y>0.000000</y><z>0.000000</z><w>0.000000</w></xAxis>
<yAxis><x>0.000000</x><y>0.997510</y><z>0.070531</z><w>0.000000</w></yAxis>
<zAxis><x>0.000000</x><y>-0.070531</y><z>0.997510</z><w>0.000000</w></zAxis>
<wAxis><x>0.000000</x><y>0.815629</y><z>-0.038054</z><w>1.000000</w></wAxis>
</worldTransform>
</keyFrame>
<keyFrame num="25">
<keyTime>1.04167</keyTime>
<localTransform>
<xAxis><x>1.000000</x><y>0.000000</y><z>0.000000</z><w>0.000000</w></xAxis>
<yAxis><x>0.000000</x><y>0.997510</y><z>0.070531</z><w>0.000000</w></yAxis>
<zAxis><x>0.000000</x><y>-0.070531</y><z>0.997510</z><w>0.000000</w></zAxis>
<wAxis><x>0.000000</x><y>0.816690</y><z>-0.038054</z><w>1.000000</w></wAxis>
</localTransform>
<worldTransform>
<xAxis><x>1.000000</x><y>0.000000</y><z>0.000000</z><w>0.000000</w></xAxis>
<yAxis><x>0.000000</x><y>0.997510</y><z>0.070531</z><w>0.000000</w></yAxis>
<zAxis><x>0.000000</x><y>-0.070531</y><z>0.997510</z><w>0.000000</w></zAxis>
<wAxis><x>0.000000</x><y>0.816690</y><z>-0.038054</z><w>1.000000</w></wAxis>
</worldTransform>
</keyFrame>
<keyFrame num="26">
<keyTime>1.08333</keyTime>
<localTransform>
<xAxis><x>1.000000</x><y>0.000000</y><z>0.000000</z><w>0.000000</w></xAxis>
<yAxis><x>0.000000</x><y>0.997510</y><z>0.070531</z><w>0.000000</w></yAxis>
<zAxis><x>0.000000</x><y>-0.070531</y><z>0.997510</z><w>0.000000</w></zAxis>
<wAxis><x>0.000000</x><y>0.817751</y><z>-0.038054</z><w>1.000000</w></wAxis>
</localTransform>
<worldTransform>
<xAxis><x>1.000000</x><y>0.000000</y><z>0.000000</z><w>0.000000</w></xAxis>
<yAxis><x>0.000000</x><y>0.997510</y><z>0.070531</z><w>0.000000</w></yAxis>
<zAxis><x>0.000000</x><y>-0.070531</y><z>0.997510</z><w>0.000000</w></zAxis>
<wAxis><x>0.000000</x><y>0.817751</y><z>-0.038054</z><w>1.000000</w></wAxis>
</worldTransform>
</keyFrame>
<keyFrame num="27">
<keyTime>1.125</keyTime>
<localTransform>
<xAxis><x>1.000000</x><y>0.000000</y><z>0.000000</z><w>0.000000</w></xAxis>
<yAxis><x>0.000000</x><y>0.997510</y><z>0.070531</z><w>0.000000</w></yAxis>
<zAxis><x>0.000000</x><y>-0.070531</y><z>0.997510</z><w>0.000000</w></zAxis>
<wAxis><x>0.000000</x><y>0.818813</y><z>-0.038054</z><w>1.000000</w></wAxis>
</localTransform>
<worldTransform>
<xAxis><x>1.000000</x><y>0.000000</y><z>0.000000</z><w>0.000000</w></xAxis>
<yAxis><x>0.000000</x><y>0.997510</y><z>0.070531</z><w>0.000000</w></yAxis>
<zAxis><x>0.000000</x><y>-0.070531</y><z>0.997510</z><w>0.000000</w></zAxis>
<wAxis><x>0.000000</x><y>0.818813</y><z>-0.038054</z><w>1.000000</w></wAxis>
</worldTransform>
</keyFrame>
<keyFrame num="28">
<keyTime>1.16667</keyTime>
<localTransform>
<xAxis><x>1.000000</x><y>0.000000</y><z>0.000000</z><w>0.000000</w></xAxis>
<yAxis><x>0.000000</x><y>0.997510</y><z>0.070531</z><w>0.000000</w></yAxis>
<zAxis><x>0.000000</x><y>-0.070531</y><z>0.997510</z><w>0.000000</w></zAxis>
<wAxis><x>0.000000</x><y>0.819874</y><z>-0.038054</z><w>1.000000</w></wAxis>
</localTransform>
<worldTransform>
<xAxis><x>1.000000</x><y>0.000000</y><z>0.000000</z><w>0.000000</w></xAxis>
<yAxis><x>0.000000</x><y>0.997510</y><z>0.070531</z><w>0.000000</w></yAxis>
<zAxis><x>0.000000</x><y>-0.070531</y><z>0.997510</z><w>0.000000</w></zAxis>
<wAxis><x>0.000000</x><y>0.819874</y><z>-0.038054</z><w>1.000000</w></wAxis>
</worldTransform>
</keyFrame>
<keyFrame num="29">
<keyTime>1.20833</keyTime>
<localTransform>
<xAxis><x>1.000000</x><y>0.000000</y><z>0.000000</z><w>0.000000</w></xAxis>
<yAxis><x>0.000000</x><y>0.997510</y><z>0.070531</z><w>0.000000</w></yAxis>
<zAxis><x>0.000000</x><y>-0.070531</y><z>0.997510</z><w>0.000000</w></zAxis>
<wAxis><x>0.000000</x><y>0.820935</y><z>-0.038054</z><w>1.000000</w></wAxis>
</localTransform>
<worldTransform>
<xAxis><x>1.000000</x><y>0.000000</y><z>0.000000</z><w>0.000000</w></xAxis>
<yAxis><x>0.000000</x><y>0.997510</y><z>0.070531</z><w>0.000000</w></yAxis>
<zAxis><x>0.000000</x><y>-0.070531</y><z>0.997510</z><w>0.000000</w></zAxis>
<wAxis><x>0.000000</x><y>0.820935</y><z>-0.038054</z><w>1.000000</w></wAxis>
</worldTransform>
</keyFrame>
<keyFrame num="30">
<keyTime>1.25</keyTime>
<localTransform>
<xAxis><x>1.000000</x><y>0.000000</y><z>0.000000</z><w>0.000000</w></xAxis>
<yAxis><x>0.000000</x><y>0.997510</y><z>0.070531</z><w>0.000000</w></yAxis>
<zAxis><x>0.000000</x><y>-0.070531</y><z>0.997510</z><w>0.000000</w></zAxis>
<wAxis><x>0.000000</x><y>0.821996</y><z>-0.038054</z><w>1.000000</w></wAxis>
</localTransform>
<worldTransform>
<xAxis><x>1.000000</x><y>0.000000</y><z>0.000000</z><w>0.000000</w></xAxis>
<yAxis><x>0.000000</x><y>0.997510</y><z>0.070531</z><w>0.000000</w></yAxis>
<zAxis><x>0.000000</x><y>-0.070531</y><z>0.997510</z><w>0.000000</w></zAxis>
<wAxis><x>0.000000</x><y>0.821996</y><z>-0.038054</z><w>1.000000</w></wAxis>
</worldTransform>
</keyFrame>
<keyFrame num="31">
<keyTime>1.29167</keyTime>
<localTransform>
<xAxis><x>1.000000</x><y>0.000000</y><z>0.000000</z><w>0.000000</w></xAxis>
<yAxis><x>0.000000</x><y>0.997510</y><z>0.070531</z><w>0.000000</w></yAxis>
<zAxis><x>0.000000</x><y>-0.070531</y><z>0.997510</z><w>0.000000</w></zAxis>
<wAxis><x>0.000000</x><y>0.823057</y><z>-0.038054</z><w>1.000000</w></wAxis>
</localTransform>
<worldTransform>
<xAxis><x>1.000000</x><y>0.000000</y><z>0.000000</z><w>0.000000</w></xAxis>
<yAxis><x>0.000000</x><y>0.997510</y><z>0.070531</z><w>0.000000</w></yAxis>
<zAxis><x>0.000000</x><y>-0.070531</y><z>0.997510</z><w>0.000000</w></zAxis>
<wAxis><x>0.000000</x><y>0.823057</y><z>-0.038054</z><w>1.000000</w></wAxis>
</worldTransform>
</keyFrame>
<keyFrame num="32">
<keyTime>1.33333</keyTime>
<localTransform>
<xAxis><x>1.000000</x><y>0.000000</y><z>0.000000</z><w>0.000000</w></xAxis>
<yAxis><x>0.000000</x><y>0.997510</y><z>0.070531</z><w>0.000000</w></yAxis>
<zAxis><x>0.000000</x><y>-0.070531</y><z>0.997510</z><w>0.000000</w></zAxis>
<wAxis><x>0.000000</x><y>0.824118</y><z>-0.038054</z><w>1.000000</w></wAxis>
</localTransform>
<worldTransform>
<xAxis><x>1.000000</x><y>0.000000</y><z>0.000000</z><w>0.000000</w></xAxis>
<yAxis><x>0.000000</x><y>0.997510</y><z>0.070531</z><w>0.000000</w></yAxis>
<zAxis><x>0.000000</x><y>-0.070531</y><z>0.997510</z><w>0.000000</w></zAxis>
<wAxis><x>0.000000</x><y>0.824118</y><z>-0.038054</z><w>1.000000</w></wAxis>
</worldTransform>
</keyFrame>
<keyFrame num="33">
<keyTime>1.375</keyTime>
<localTransform>
<xAxis><x>1.000000</x><y>0.000000</y><z>0.000000</z><w>0.000000</w></xAxis>
<yAxis><x>0.000000</x><y>0.997510</y><z>0.070531</z><w>0.000000</w></yAxis>
<zAxis><x>0.000000</x><y>-0.070531</y><z>0.997510</z><w>0.000000</w></zAxis>
<wAxis><x>0.000000</x><y>0.825180</y><z>-0.038054</z><w>1.000000</w></wAxis>
</localTransform>
<worldTransform>
<xAxis><x>1.000000</x><y>0.000000</y><z>0.000000</z><w>0.000000</w></xAxis>
<yAxis><x>0.000000</x><y>0.997510</y><z>0.070531</z><w>0.000000</w></yAxis>
<zAxis><x>0.000000</x><y>-0.070531</y><z>0.997510</z><w>0.000000</w></zAxis>
<wAxis><x>0.000000</x><y>0.825180</y><z>-0.038054</z><w>1.000000</w></wAxis>
</worldTransform>
</keyFrame>
<keyFrame num="34">
<keyTime>1.41667</keyTime>
<localTransform>
<xAxis><x>1.000000</x><y>0.000000</y><z>0.000000</z><w>0.000000</w></xAxis>
<yAxis><x>0.000000</x><y>0.997510</y><z>0.070531</z><w>0.000000</w></yAxis>
<zAxis><x>0.000000</x><y>-0.070531</y><z>0.997510</z><w>0.000000</w></zAxis>
<wAxis><x>0.000000</x><y>0.826241</y><z>-0.038054</z><w>1.000000</w></wAxis>
</localTransform>
<worldTransform>
<xAxis><x>1.000000</x><y>0.000000</y><z>0.000000</z><w>0.000000</w></xAxis>
<yAxis><x>0.000000</x><y>0.997510</y><z>0.070531</z><w>0.000000</w></yAxis>
<zAxis><x>0.000000</x><y>-0.070531</y><z>0.997510</z><w>0.000000</w></zAxis>
<wAxis><x>0.000000</x><y>0.826241</y><z>-0.038054</z><w>1.000000</w></wAxis>
</worldTransform>
</keyFrame>
<keyFrame num="35">
<keyTime>1.45833</keyTime>
<localTransform>
<xAxis><x>1.000000</x><y>0.000000</y><z>0.000000</z><w>0.000000</w></xAxis>
<yAxis><x>0.000000</x><y>0.997510</y><z>0.070531</z><w>0.000000</w></yAxis>
<zAxis><x>0.000000</x><y>-0.070531</y><z>0.997510</z><w>0.000000</w></zAxis>
<wAxis><x>0.000000</x><y>0.827302</y><z>-0.038054</z><w>1.000000</w></wAxis>
</localTransform>
<worldTransform>
<xAxis><x>1.000000</x><y>0.000000</y><z>0.000000</z><w>0.000000</w></xAxis>
<yAxis><x>0.000000</x><y>0.997510</y><z>0.070531</z><w>0.000000</w></yAxis>
<zAxis><x>0.000000</x><y>-0.070531</y><z>0.997510</z><w>0.000000</w></zAxis>
<wAxis><x>0.000000</x><y>0.827302</y><z>-0.038054</z><w>1.000000</w></wAxis>
</worldTransform>
</keyFrame>
<keyFrame num="36">
<keyTime>1.5</keyTime>
<localTransform>
<xAxis><x>1.000000</x><y>0.000000</y><z>0.000000</z><w>0.000000</w></xAxis>
<yAxis><x>0.000000</x><y>0.997510</y><z>0.070531</z><w>0.000000</w></yAxis>
<zAxis><x>0.000000</x><y>-0.070531</y><z>0.997510</z><w>0.000000</w></zAxis>
<wAxis><x>0.000000</x><y>0.828363</y><z>-0.038054</z><w>1.000000</w></wAxis>
</localTransform>
<worldTransform>
<xAxis><x>1.000000</x><y>0.000000</y><z>0.000000</z><w>0.000000</w></xAxis>
<yAxis><x>0.000000</x><y>0.997510</y><z>0.070531</z><w>0.000000</w></yAxis>
<zAxis><x>0.000000</x><y>-0.070531</y><z>0.997510</z><w>0.000000</w></zAxis>
<wAxis><x>0.000000</x><y>0.828363</y><z>-0.038054</z><w>1.000000</w></wAxis>
</worldTransform>
</keyFrame>
<keyFrame num="37">
<keyTime>1.54167</keyTime>
<localTransform>
<xAxis><x>1.000000</x><y>0.000000</y><z>0.000000</z><w>0.000000</w></xAxis>
<yAxis><x>0.000000</x><y>0.997510</y><z>0.070531</z><w>0.000000</w></yAxis>
<zAxis><x>0.000000</x><y>-0.070531</y><z>0.997510</z><w>0.000000</w></zAxis>
<wAxis><x>0.000000</x><y>0.829424</y><z>-0.038054</z><w>1.000000</w></wAxis>
</localTransform>
<worldTransform>
<xAxis><x>1.000000</x><y>0.000000</y><z>0.000000</z><w>0.000000</w></xAxis>
<yAxis><x>0.000000</x><y>0.997510</y><z>0.070531</z><w>0.000000</w></yAxis>
<zAxis><x>0.000000</x><y>-0.070531</y><z>0.997510</z><w>0.000000</w></zAxis>
<wAxis><x>0.000000</x><y>0.829424</y><z>-0.038054</z><w>1.000000</w></wAxis>
</worldTransform>
</keyFrame>
<keyFrame num="38">
<keyTime>1.58333</keyTime>
<localTransform>
<xAxis><x>1.000000</x><y>0.000000</y><z>0.000000</z><w>0.000000</w></xAxis>
<yAxis><x>0.000000</x><y>0.997510</y><z>0.070531</z><w>0.000000</w></yAxis>
<zAxis><x>0.000000</x><y>-0.070531</y><z>0.997510</z><w>0.000000</w></zAxis>
<wAxis><x>0.000000</x><y>0.830486</y><z>-0.038054</z><w>1.000000</w></wAxis>
</localTransform>
<worldTransform>
<xAxis><x>1.000000</x><y>0.000000</y><z>0.000000</z><w>0.000000</w></xAxis>
<yAxis><x>0.000000</x><y>0.997510</y><z>0.070531</z><w>0.000000</w></yAxis>
<zAxis><x>0.000000</x><y>-0.070531</y><z>0.997510</z><w>0.000000</w></zAxis>
<wAxis><x>0.000000</x><y>0.830486</y><z>-0.038054</z><w>1.000000</w></wAxis>
</worldTransform>
</keyFrame>
<keyFrame num="39">
<keyTime>1.625</keyTime>
<localTransform>
<xAxis><x>1.000000</x><y>0.000000</y><z>0.000000</z><w>0.000000</w></xAxis>
<yAxis><x>0.000000</x><y>0.997510</y><z>0.070531</z><w>0.000000</w></yAxis>
<zAxis><x>0.000000</x><y>-0.070531</y><z>0.997510</z><w>0.000000</w></zAxis>
<wAxis><x>0.000000</x><y>0.831547</y><z>-0.038054</z><w>1.000000</w></wAxis>
</localTransform>
<worldTransform>
<xAxis><x>1.000000</x><y>0.000000</y><z>0.000000</z><w>0.000000</w></xAxis>
<yAxis><x>0.000000</x><y>0.997510</y><z>0.070531</z><w>0.000000</w></yAxis>
<zAxis><x>0.000000</x><y>-0.070531</y><z>0.997510</z><w>0.000000</w></zAxis>
<wAxis><x>0.000000</x><y>0.831547</y><z>-0.038054</z><w>1.000000</w></wAxis>
</worldTransform>
</keyFrame>
</KeyFrames>
</animBone>
<animBone boneIndex="1">
<KeyFrames numKeys="40">
<keyFrame num="0">
<keyTime>0</keyTime>
<localTransform>
<xAxis><x>1.000000</x><y>0.000000</y><z>0.000000</z><w>0.000000</w></xAxis>
<yAxis><x>0.000000</x><y>1.000000</y><z>0.000000</z><w>0.000000</w></yAxis>
<zAxis><x>0.000000</x><y>0.000000</y><z>1.000000</z><w>0.000000</w></zAxis>
<wAxis><x>0.000000</x><y>0.165686</y><z>-0.076468</z><w>1.000000</w></wAxis>
</localTransform>
<worldTransform>
<xAxis><x>1.000000</x><y>0.000000</y><z>0.000000</z><w>0.000000</w></xAxis>
<yAxis><x>0.000000</x><y>1.000000</y><z>0.000000</z><w>0.000000</w></yAxis>
<zAxis><x>0.000000</x><y>0.000000</y><z>1.000000</z><w>0.000000</w></zAxis>
<wAxis><x>0.000000</x><y>1.012252</y><z>-0.114523</z><w>1.000000</w></wAxis>
</worldTransform>
</keyFrame>
<keyFrame num="1">
<keyTime>0.0416667</keyTime>
<localTransform>
<xAxis><x>1.000000</x><y>0.000000</y><z>0.000000</z><w>0.000000</w></xAxis>
<yAxis><x>0.000000</x><y>0.989415</y><z>0.145114</z><w>0.000000</w></yAxis>
<zAxis><x>0.000000</x><y>-0.145114</y><z>0.989415</z><w>0.000000</w></zAxis>
<wAxis><x>0.000000</x><y>0.165686</y><z>-0.076468</z><w>1.000000</w></wAxis>
</localTransform>
<worldTransform>
<xAxis><x>1.000000</x><y>0.000000</y><z>0.000000</z><w>0.000000</w></xAxis>
<yAxis><x>0.000000</x><y>0.976716</y><z>0.214536</z><w>0.000000</w></yAxis>
<zAxis><x>0.000000</x><y>-0.214536</y><z>0.976716</z><w>0.000000</w></zAxis>
<wAxis><x>0.000000</x><y>1.001096</y><z>-0.102646</z><w>1.000000</w></wAxis>
</worldTransform>
</keyFrame>
<keyFrame num="2">
<keyTime>0.0833333</keyTime>
<localTransform>
<xAxis><x>1.000000</x><y>0.000000</y><z>0.000000</z><w>0.000000</w></xAxis>
<yAxis><x>0.000000</x><y>0.989193</y><z>0.146619</z><w>0.000000</w></yAxis>
<zAxis><x>0.000000</x><y>-0.146619</y><z>0.989193</z><w>0.000000</w></zAxis>
<wAxis><x>0.000000</x><y>0.165686</y><z>-0.076468</z><w>1.000000</w></wAxis>
</localTransform>
<worldTransform>
<xAxis><x>1.000000</x><y>0.000000</y><z>0.000000</z><w>0.000000</w></xAxis>
<yAxis><x>0.000000</x><y>0.976388</y><z>0.216022</z><w>0.000000</w></yAxis>
<zAxis><x>0.000000</x><y>-0.216022</y><z>0.976388</z><w>0.000000</w></zAxis>
<wAxis><x>0.000000</x><y>0.999979</y><z>-0.102646</z><w>1.000000</w></wAxis>
</worldTransform>
</keyFrame>
<keyFrame num="3">
<keyTime>0.125</keyTime>
<localTransform>
<xAxis><x>1.000000</x><y>0.000000</y><z>0.000000</z><w>0.000000</w></xAxis>
<yAxis><x>0.000000</x><y>0.988969</y><z>0.148123</z><w>0.000000</w></yAxis>
<zAxis><x>0.000000</x><y>-0.148123</y><z>0.988969</z><w>0.000000</w></zAxis>
<wAxis><x>0.000000</x><y>0.165686</y><z>-0.076468</z><w>1.000000</w></wAxis>
</localTransform>
<worldTransform>
<xAxis><x>1.000000</x><y>0.000000</y><z>0.000000</z><w>0.000000</w></xAxis>
<yAxis><x>0.000000</x><y>0.976059</y><z>0.217507</z><w>0.000000</w></yAxis>
<zAxis><x>0.000000</x><y>-0.217507</y><z>0.976059</z><w>0.000000</w></zAxis>
<wAxis><x>0.000000</x><y>0.998862</y><z>-0.102646</z><w>1.000000</w></wAxis>
</worldTransform>
</keyFrame>
<keyFrame num="4">
<keyTime>0.166667</keyTime>
<localTransform>
<xAxis><x>1.000000</x><y>0.000000</y><z>0.000000</z><w>0.000000</w></xAxis>
<yAxis><x>0.000000</x><y>0.988742</y><z>0.149628</z><w>0.000000</w></yAxis>
<zAxis><x>0.000000</x><y>-0.149628</y><z>0.988742</z><w>0.000000</w></zAxis>
<wAxis><x>0.000000</x><y>0.165686</y><z>-0.076468</z><w>1.000000</w></wAxis>
</localTransform>
<worldTransform>
<xAxis><x>1.000000</x><y>0.000000</y><z>0.000000</z><w>0.000000</w></xAxis>
<yAxis><x>0.000000</x><y>0.975727</y><z>0.218992</z><w>0.000000</w></yAxis>
<zAxis><x>0.000000</x><y>-0.218992</y><z>0.975727</z><w>0.000000</w></zAxis>
<wAxis><x>0.000000</x><y>0.997745</y><z>-0.102646</z><w>1.000000</w></wAxis>
</worldTransform>
</keyFrame>
<keyFrame num="5">
<keyTime>0.208333</keyTime>
<localTransform>
<xAxis><x>1.000000</x><y>0.000000</y><z>0.000000</z><w>0.000000</w></xAxis>
<yAxis><x>0.000000</x><y>0.988514</y><z>0.151132</z><w>0.000000</w></yAxis>
<zAxis><x>0.000000</x><y>-0.151132</y><z>0.988514</z><w>0.000000</w></zAxis>
<wAxis><x>0.000000</x><y>0.165686</y><z>-0.076468</z><w>1.000000</w></wAxis>
</localTransform>
<worldTransform>
<xAxis><x>1.000000</x><y>0.000000</y><z>0.000000</z><w>0.000000</w></xAxis>
<yAxis><x>0.000000</x><y>0.975392</y><z>0.220476</z><w>0.000000</w></yAxis>
<zAxis><x>0.000000</x><y>-0.220476</y><z>0.975392</z><w>0.000000</w></zAxis>
<wAxis><x>0.000000</x><y>0.996628</y><z>-0.102646</z><w>1.000000</w></wAxis>
</worldTransform>
</keyFrame>
<keyFrame num="6">
<keyTime>0.25</keyTime>
<localTransform>
<xAxis><x>1.000000</x><y>0.000000</y><z>0.000000</z><w>0.000000</w></xAxis>
<yAxis><x>0.000000</x><y>0.988283</y><z>0.152635</z><w>0.000000</w></yAxis>
<zAxis><x>0.000000</x><y>-0.152635</y><z>0.988283</z><w>0.000000</w></zAxis>
<wAxis><x>0.000000</x><y>0.165686</y><z>-0.076468</z><w>1.000000</w></wAxis>
</localTransform>
<worldTransform>
<xAxis><x>1.000000</x><y>0.000000</y><z>0.000000</z><w>0.000000</w></xAxis>
<yAxis><x>0.000000</x><y>0.975056</y><z>0.221960</z><w>0.000000</w></yAxis>
<zAxis><x>0.000000</x><y>-0.221960</y><z>0.975056</z><w>0.000000</w></zAxis>
<wAxis><x>0.000000</x><y>0.995511</y><z>-0.102646</z><w>1.000000</w></wAxis>
</worldTransform>
</keyFrame>
<keyFrame num="7">
<keyTime>0.291667</keyTime>
<localTransform>
<xAxis><x>1.000000</x><y>0.000000</y><z>0.000000</z><w>0.000000</w></xAxis>
<yAxis><x>0.000000</x><y>0.988049</y><z>0.154139</z><w>0.000000</w></yAxis>
<zAxis><x>0.000000</x><y>-0.154139</y><z>0.988049</z><w>0.000000</w></zAxis>
<wAxis><x>0.000000</x><y>0.165686</y><z>-0.076468</z><w>1.000000</w></wAxis>
</localTransform>
<worldTransform>
<xAxis><x>1.000000</x><y>0.000000</y><z>0.000000</z><w>0.000000</w></xAxis>
<yAxis><x>0.000000</x><y>0.974717</y><z>0.223443</z><w>0.000000</w></yAxis>
<zAxis><x>0.000000</x><y>-0.223443</y><z>0.974717</z><w>0.000000</w></zAxis>
<wAxis><x>0.000000</x><y>0.994394</y><z>-0.102646</z><w>1.000000</w></wAxis>
</worldTransform>
</keyFrame>
<keyFrame num="8">
<keyTime>0.333333</keyTime>
<localTransform>
<xAxis><x>1.000000</x><y>0.000000</y><z>0.000000</z><w>0.000000</w></xAxis>
<yAxis><x>0.000000</x><y>0.987814</y><z>0.155642</z><w>0.000000</w></yAxis>
<zAxis><x>0.000000</x><y>-0.155642</y><z>0.987814</z><w>0.000000</w></zAxis>
<wAxis><x>0.000000</x><y>0.165686</y><z>-0.076468</z><w>1.000000</w></wAxis>
</localTransform>
<worldTransform>
<xAxis><x>1.000000</x><y>0.000000</y><z>0.000000</z><w>0.000000</w></xAxis>
<yAxis><x>0.000000</x><y>0.974376</y><z>0.224925</z><w>0.000000</w></yAxis>
<zAxis><x>0.000000</x><y>-0.224925</y><z>0.974376</z><w>0.000000</w></zAxis>
<wAxis><x>0.000000</x><y>0.993277</y><z>-0.102646</z><w>1.000000</w></wAxis>
</worldTransform>
</keyFrame>
<keyFrame num="9">
<keyTime>0.375</keyTime>
<localTransform>
<xAxis><x>1.000000</x><y>0.000000</y><z>0.000000</z><w>0.000000</w></xAxis>
<yAxis><x>0.000000</x><y>0.987576</y><z>0.157144</z><w>0.000000</w></yAxis>
<zAxis><x>0.000000</x><y>-0.157144</y><z>0.987576</z><w>0.000000</w></zAxis>
<wAxis><x>0.000000</x><y>0.165686</y><z>-0.076468</z><w>1.000000</w></wAxis>
</localTransform>
<worldTransform>
<xAxis><x>1.000000</x><y>0.000000</y><z>0.000000</z><w>0.000000</w></xAxis>
<yAxis><x>0.000000</x><y>0.974033</y><z>0.226407</z><w>0.000000</w></yAxis>
<zAxis><x>0.000000</x><y>-0.226407</y><z>0.974033</z><w>0.000000</w></zAxis>
<wAxis><x>0.000000</x><y>0.992160</y><z>-0.102646</z><w>1.000000</w></wAxis>
</worldTransform>
</keyFrame>
<keyFrame num="10">
<keyTime>0.416667</keyTime>
<localTransform>
<xAxis><x>1.000000</x><y>0.000000</y><z>0.000000</z><w>0.000000</w></xAxis>
<yAxis><x>0.000000</x><y>0.987335</y><z>0.158647</z><w>0.000000</w></yAxis>
<zAxis><x>0.000000</x><y>-0.158647</y><z>0.987335</z><w>0.000000</w></zAxis>
<wAxis><x>0.000000</x><y>0.165686</y><z>-0.076468</z><w>1.000000</w></wAxis>
</localTransform>
<worldTransform>
<xAxis><x>1.000000</x><y>0.000000</y><z>0.000000</z><w>0.000000</w></xAxis>
<yAxis><x>0.000000</x><y>0.973687</y><z>0.227889</z><w>0.000000</w></yAxis>
<zAxis><x>0.000000</x><y>-0.227889</y><z>0.973687</z><w>0.000000</w></zAxis>
<wAxis><x>0.000000</x><y>0.991043</y><z>-0.102646</z><w>1.000000</w></wAxis>
</worldTransform>
</keyFrame>
<keyFrame num="11">
<keyTime>0.458333</keyTime>
<localTransform>
<xAxis><x>1.000000</x><y>0.000000</y><z>0.000000</z><w>0.000000</w></xAxis>
<yAxis><x>0.000000</x><y>0.987093</y><z>0.160148</z><w>0.000000</w></yAxis>
<zAxis><x>0.000000</x><y>-0.160148</y><z>0.987093</z><w>0.000000</w></zAxis>
<wAxis><x>0.000000</x><y>0.165686</y><z>-0.076468</z><w>1.000000</w></wAxis>
</localTransform>
<worldTransform>
<xAxis><x>1.000000</x><y>0.000000</y><z>0.000000</z><w>0.000000</w></xAxis>
<yAxis><x>0.000000</x><y>0.973339</y><z>0.229370</z><w>0.000000</w></yAxis>
<zAxis><x>0.000000</x><y>-0.229370</y><z>0.973339</z><w>0.000000</w></zAxis>
<wAxis><x>0.000000</x><y>0.989926</y><z>-0.102646</z><w>1.000000</w></wAxis>
</worldTransform>
</keyFrame>
<keyFrame num="12">
<keyTime>0.5</keyTime>
<localTransform>
<xAxis><x>1.000000</x><y>0.000000</y><z>0.000000</z><w>0.000000</w></xAxis>
<yAxis><x>0.000000</x><y>0.986848</y><z>0.161650</z><w>0.000000</w></yAxis>
<zAxis><x>0.000000</x><y>-0.161650</y><z>0.986848</z><w>0.000000</w></zAxis>
<wAxis><x>0.000000</x><y>0.165686</y><z>-0.076468</z><w>1.000000</w></wAxis>
</localTransform>
<worldTransform>
<xAxis><x>1.000000</x><y>0.000000</y><z>0.000000</z><w>0.000000</w></xAxis>
<yAxis><x>0.000000</x><y>0.972989</y><z>0.230850</z><w>0.000000</w></yAxis>
<zAxis><x>0.000000</x><y>-0.230850</y><z>0.972989</z><w>0.000000</w></zAxis>
<wAxis><x>0.000000</x><y>0.988809</y><z>-0.102646</z><w>1.000000</w></wAxis>
</worldTransform>
</keyFrame>
<keyFrame num="13">
<keyTime>0.541667</keyTime>
<localTransform>
<xAxis><x>1.000000</x><y>0.000000</y><z>0.000000</z><w>0.000000</w></xAxis>
<yAxis><x>0.000000</x><y>0.986601</y><z>0.163151</z><w>0.000000</w></yAxis>
<zAxis><x>0.000000</x><y>-0.163151</y><z>0.986601</z><w>0.000000</w></zAxis>
<wAxis><x>0.000000</x><y>0.165686</y><z>-0.076468</z><w>1.000000</w></wAxis>
</localTransform>
<worldTransform>
<xAxis><x>1.000000</x><y>0.000000</y><z>0.000000</z><w>0.000000</w></xAxis>
<yAxis><x>0.000000</x><y>0.972637</y><z>0.232330</z><w>0.000000</w></yAxis>
