<?xml version="1.0" encoding="utf-8"?>
<Animation name="Punch">
<Duration>1.29167</Duration>
<animBone boneIndex="0">
<KeyFrames numKeys="32">
<keyFrame num="0">
<keyTime>0</keyTime>
<localTransform>
<xAxis><x>1.000000</x><y>0.000000</y><z>0.000000</z><w>0.000000</w></xAxis>
<yAxis><x>0.000000</x><y>1.000000</y><z>0.000000</z><w>0.000000</w></yAxis>
<zAxis><x>0.000000</x><y>0.000000</y><z>1.000000</z><w>0.000000</w></zAxis>
<wAxis><x>0.000000</x><y>0.846566</y><z>-0.038054</z><w>1.000000</w></wAxis>
</localTransform>
<worldTransform>
<xAxis><x>1.000000</x><y>0.000000</y><z>0.000000</z><w>0.000000</w></xAxis>
<yAxis><x>0.000000</x><y>1.000000</y><z>0.000000</z><w>0.000000</w></yAxis>
<zAxis><x>0.000000</x><y>0.000000</y><z>1.000000</z><w>0.000000</w></zAxis>
<wAxis><x>0.000000</x><y>0.846566</y><z>-0.038054</z><w>1.000000</w></wAxis>
</worldTransform>
</keyFrame>
<keyFrame num="1">
<keyTime>0.0416667</keyTime>
<localTransform>
<xAxis><x>0.999486</x><y>-0.002324</y><z>0.031962</z><w>0.000000</w></xAxis>
<yAxis><x>0.000054</x><y>0.997488</y><z>0.070830</z><w>0.000000</w></yAxis>
<zAxis><x>-0.032046</x><y>-0.070792</y><z>0.996976</z><w>0.000000</w></zAxis>
<wAxis><x>0.000000</x><y>0.831547</y><z>-0.041444</z><w>1.000000</w></wAxis>
</localTransform>
<worldTransform>
<xAxis><x>0.999486</x><y>-0.002324</y><z>0.031962</z><w>0.000000</w></xAxis>
<yAxis><x>0.000054</x><y>0.997488</y><z>0.070830</z><w>0.000000</w></yAxis>
<zAxis><x>-0.032046</x><y>-0.070792</y><z>0.996976</z><w>0.000000</w></zAxis>
<wAxis><x>0.000000</x><y>0.831547</y><z>-0.041444</z><w>1.000000</w></wAxis>
</worldTransform>
</keyFrame>
<keyFrame num="2">
<keyTime>0.0833333</keyTime>
<localTransform>
<xAxis><x>0.997946</x><y>-0.004640</y><z>0.063891</z><w>0.000000</w></xAxis>
<yAxis><x>0.000089</x><y>0.997472</y><z>0.071057</z><w>0.000000</w></yAxis>
<zAxis><x>-0.064059</x><y>-0.070905</y><z>0.995424</z><w>0.000000</w></zAxis>
<wAxis><x>0.000000</x><y>0.831547</y><z>-0.044835</z><w>1.000000</w></wAxis>
</localTransform>
<worldTransform>
<xAxis><x>0.997946</x><y>-0.004640</y><z>0.063891</z><w>0.000000</w></xAxis>
<yAxis><x>0.000089</x><y>0.997472</y><z>0.071057</z><w>0.000000</w></yAxis>
<zAxis><x>-0.064059</x><y>-0.070905</y><z>0.995424</z><w>0.000000</w></zAxis>
<wAxis><x>0.000000</x><y>0.831547</y><z>-0.044835</z><w>1.000000</w></wAxis>
</worldTransform>
</keyFrame>
<keyFrame num="3">
<keyTime>0.125</keyTime>
<localTransform>
<xAxis><x>0.995381</x><y>-0.006943</y><z>0.095755</z><w>0.000000</w></xAxis>
<yAxis><x>0.000107</x><y>0.997461</y><z>0.071210</z><w>0.000000</w></yAxis>
<zAxis><x>-0.096006</x><y>-0.070871</y><z>0.992855</z><w>0.000000</w></zAxis>
<wAxis><x>0.000000</x><y>0.831547</y><z>-0.048225</z><w>1.000000</w></wAxis>
</localTransform>
<worldTransform>
<xAxis><x>0.995381</x><y>-0.006943</y><z>0.095755</z><w>0.000000</w></xAxis>
<yAxis><x>0.000107</x><y>0.997461</y><z>0.071210</z><w>0.000000</w></yAxis>
<zAxis><x>-0.096006</x><y>-0.070871</y><z>0.992855</z><w>0.000000</w></zAxis>
<wAxis><x>0.000000</x><y>0.831547</y><z>-0.048225</z><w>1.000000</w></wAxis>
</worldTransform>
</keyFrame>
<keyFrame num="4">
<keyTime>0.166667</keyTime>
<localTransform>
<xAxis><x>0.991793</x><y>-0.009224</y><z>0.127521</z><w>0.000000</w></xAxis>
<yAxis><x>0.000111</x><y>0.997456</y><z>0.071288</z><w>0.000000</w></yAxis>
<zAxis><x>-0.127854</x><y>-0.070688</y><z>0.989271</z><w>0.000000</w></zAxis>
<wAxis><x>0.000000</x><y>0.831547</y><z>-0.051615</z><w>1.000000</w></wAxis>
</localTransform>
<worldTransform>
<xAxis><x>0.991793</x><y>-0.009224</y><z>0.127521</z><w>0.000000</w></xAxis>
<yAxis><x>0.000111</x><y>0.997456</y><z>0.071288</z><w>0.000000</w></yAxis>
<zAxis><x>-0.127854</x><y>-0.070688</y><z>0.989271</z><w>0.000000</w></zAxis>
<wAxis><x>0.000000</x><y>0.831547</y><z>-0.051615</z><w>1.000000</w></wAxis>
</worldTransform>
</keyFrame>
<keyFrame num="5">
<keyTime>0.208333</keyTime>
<localTransform>
<xAxis><x>0.987187</x><y>-0.011476</y><z>0.159157</z><w>0.000000</w></xAxis>
<yAxis><x>0.000102</x><y>0.997456</y><z>0.071290</z><w>0.000000</w></yAxis>
<zAxis><x>-0.159570</x><y>-0.070360</y><z>0.984676</z><w>0.000000</w></zAxis>
<wAxis><x>0.000000</x><y>0.831547</y><z>-0.055006</z><w>1.000000</w></wAxis>
</localTransform>
<worldTransform>
<xAxis><x>0.987187</x><y>-0.011476</y><z>0.159157</z><w>0.000000</w></xAxis>
<yAxis><x>0.000102</x><y>0.997456</y><z>0.071290</z><w>0.000000</w></yAxis>
<zAxis><x>-0.159570</x><y>-0.070360</y><z>0.984676</z><w>0.000000</w></zAxis>
<wAxis><x>0.000000</x><y>0.831547</y><z>-0.055006</z><w>1.000000</w></wAxis>
</worldTransform>
</keyFrame>
<keyFrame num="6">
<keyTime>0.25</keyTime>
<localTransform>
<xAxis><x>0.981567</x><y>-0.013694</y><z>0.190630</z><w>0.000000</w></xAxis>
<yAxis><x>0.000085</x><y>0.997461</y><z>0.071216</z><w>0.000000</w></yAxis>
<zAxis><x>-0.191121</x><y>-0.069887</y><z>0.979075</z><w>0.000000</w></zAxis>
<wAxis><x>0.000000</x><y>0.831547</y><z>-0.058396</z><w>1.000000</w></wAxis>
</localTransform>
<worldTransform>
<xAxis><x>0.981567</x><y>-0.013694</y><z>0.190630</z><w>0.000000</w></xAxis>
<yAxis><x>0.000085</x><y>0.997461</y><z>0.071216</z><w>0.000000</w></yAxis>
<zAxis><x>-0.191121</x><y>-0.069887</y><z>0.979075</z><w>0.000000</w></zAxis>
<wAxis><x>0.000000</x><y>0.831547</y><z>-0.058396</z><w>1.000000</w></wAxis>
</worldTransform>
</keyFrame>
<keyFrame num="7">
<keyTime>0.291667</keyTime>
<localTransform>
<xAxis><x>0.974938</x><y>-0.015868</y><z>0.221908</z><w>0.000000</w></xAxis>
<yAxis><x>0.000060</x><y>0.997472</y><z>0.071065</z><w>0.000000</w></yAxis>
<zAxis><x>-0.222475</x><y>-0.069271</y><z>0.972474</z><w>0.000000</w></zAxis>
<wAxis><x>0.000000</x><y>0.831547</y><z>-0.061786</z><w>1.000000</w></wAxis>
</localTransform>
<worldTransform>
<xAxis><x>0.974938</x><y>-0.015868</y><z>0.221908</z><w>0.000000</w></xAxis>
<yAxis><x>0.000060</x><y>0.997472</y><z>0.071065</z><w>0.000000</w></yAxis>
<zAxis><x>-0.222475</x><y>-0.069271</y><z>0.972474</z><w>0.000000</w></zAxis>
<wAxis><x>0.000000</x><y>0.831547</y><z>-0.061786</z><w>1.000000</w></wAxis>
</worldTransform>
</keyFrame>
<keyFrame num="8">
<keyTime>0.333333</keyTime>
<localTransform>
<xAxis><x>0.967309</x><y>-0.017994</y><z>0.252960</z><w>0.000000</w></xAxis>
<yAxis><x>0.000031</x><y>0.997488</y><z>0.070837</z><w>0.000000</w></yAxis>
<zAxis><x>-0.253599</x><y>-0.068513</y><z>0.964880</z><w>0.000000</w></zAxis>
<wAxis><x>0.000000</x><y>0.831547</y><z>-0.065176</z><w>1.000000</w></wAxis>
</localTransform>
<worldTransform>
<xAxis><x>0.967309</x><y>-0.017994</y><z>0.252960</z><w>0.000000</w></xAxis>
<yAxis><x>0.000031</x><y>0.997488</y><z>0.070837</z><w>0.000000</w></yAxis>
<zAxis><x>-0.253599</x><y>-0.068513</y><z>0.964880</z><w>0.000000</w></zAxis>
<wAxis><x>0.000000</x><y>0.831547</y><z>-0.065176</z><w>1.000000</w></wAxis>
</worldTransform>
</keyFrame>
<keyFrame num="9">
<keyTime>0.375</keyTime>
<localTransform>
<xAxis><x>0.958688</x><y>-0.020063</y><z>0.283753</z><w>0.000000</w></xAxis>
<yAxis><x>-0.000000</x><y>0.997510</y><z>0.070531</z><w>0.000000</w></yAxis>
<zAxis><x>-0.284461</x><y>-0.067617</y><z>0.956300</z><w>0.000000</w></zAxis>
<wAxis><x>0.000000</x><y>0.831547</y><z>-0.068567</z><w>1.000000</w></wAxis>
</localTransform>
<worldTransform>
<xAxis><x>0.958688</x><y>-0.020063</y><z>0.283753</z><w>0.000000</w></xAxis>
<yAxis><x>-0.000000</x><y>0.997510</y><z>0.070531</z><w>0.000000</w></yAxis>
<zAxis><x>-0.284461</x><y>-0.067617</y><z>0.956300</z><w>0.000000</w></zAxis>
<wAxis><x>0.000000</x><y>0.831547</y><z>-0.068567</z><w>1.000000</w></wAxis>
</worldTransform>
</keyFrame>
<keyFrame num="10">
<keyTime>0.416667</keyTime>
<localTransform>
<xAxis><x>0.958688</x><y>-0.020063</y><z>0.283753</z><w>0.000000</w></xAxis>
<yAxis><x>0.005595</x><y>0.998647</y><z>0.051709</z><w>0.000000</w></yAxis>
<zAxis><x>-0.284406</x><y>-0.047986</y><z>0.957502</z><w>0.000000</w></zAxis>
<wAxis><x>0.000000</x><y>0.831547</y><z>-0.068567</z><w>1.000000</w></wAxis>
</localTransform>
<worldTransform>
<xAxis><x>0.958688</x><y>-0.020063</y><z>0.283753</z><w>0.000000</w></xAxis>
<yAxis><x>0.005595</x><y>0.998647</y><z>0.051709</z><w>0.000000</w></yAxis>
<zAxis><x>-0.284406</x><y>-0.047986</y><z>0.957502</z><w>0.000000</w></zAxis>
<wAxis><x>0.000000</x><y>0.831547</y><z>-0.068567</z><w>1.000000</w></wAxis>
</worldTransform>
</keyFrame>
<keyFrame num="11">
<keyTime>0.458333</keyTime>
<localTransform>
<xAxis><x>0.958688</x><y>-0.020063</y><z>0.283753</z><w>0.000000</w></xAxis>
<yAxis><x>0.011187</x><y>0.999397</y><z>0.032868</z><w>0.000000</w></yAxis>
<zAxis><x>-0.284241</x><y>-0.028336</y><z>0.958334</z><w>0.000000</w></zAxis>
<wAxis><x>0.000000</x><y>0.831547</y><z>-0.068567</z><w>1.000000</w></wAxis>
</localTransform>
<worldTransform>
<xAxis><x>0.958688</x><y>-0.020063</y><z>0.283753</z><w>0.000000</w></xAxis>
<yAxis><x>0.011187</x><y>0.999397</y><z>0.032868</z><w>0.000000</w></yAxis>
<zAxis><x>-0.284241</x><y>-0.028336</y><z>0.958334</z><w>0.000000</w></zAxis>
<wAxis><x>0.000000</x><y>0.831547</y><z>-0.068567</z><w>1.000000</w></wAxis>
</worldTransform>
</keyFrame>
<keyFrame num="12">
<keyTime>0.5</keyTime>
<localTransform>
<xAxis><x>0.958688</x><y>-0.020063</y><z>0.283753</z><w>0.000000</w></xAxis>
<yAxis><x>0.016775</x><y>0.999761</y><z>0.014014</z><w>0.000000</w></yAxis>
<zAxis><x>-0.283966</x><y>-0.008675</y><z>0.958795</z><w>0.000000</w></zAxis>
<wAxis><x>0.000000</x><y>0.831547</y><z>-0.068567</z><w>1.000000</w></wAxis>
</localTransform>
<worldTransform>
<xAxis><x>0.958688</x><y>-0.020063</y><z>0.283753</z><w>0.000000</w></xAxis>
<yAxis><x>0.016775</x><y>0.999761</y><z>0.014014</z><w>0.000000</w></yAxis>
<zAxis><x>-0.283966</x><y>-0.008675</y><z>0.958795</z><w>0.000000</w></zAxis>
<wAxis><x>0.000000</x><y>0.831547</y><z>-0.068567</z><w>1.000000</w></wAxis>
</worldTransform>
</keyFrame>
<keyFrame num="13">
<keyTime>0.541667</keyTime>
<localTransform>
<xAxis><x>0.958688</x><y>-0.020063</y><z>0.283753</z><w>0.000000</w></xAxis>
<yAxis><x>0.022357</x><y>0.999738</y><z>-0.004846</z><w>0.000000</w></yAxis>
<zAxis><x>-0.283581</x><y>0.010989</y><z>0.958885</z><w>0.000000</w></zAxis>
<wAxis><x>0.000000</x><y>0.831547</y><z>-0.068567</z><w>1.000000</w></wAxis>
</localTransform>
<worldTransform>
<xAxis><x>0.958688</x><y>-0.020063</y><z>0.283753</z><w>0.000000</w></xAxis>
<yAxis><x>0.022357</x><y>0.999738</y><z>-0.004846</z><w>0.000000</w></yAxis>
<zAxis><x>-0.283581</x><y>0.010989</y><z>0.958885</z><w>0.000000</w></zAxis>
<wAxis><x>0.000000</x><y>0.831547</y><z>-0.068567</z><w>1.000000</w></wAxis>
</worldTransform>
</keyFrame>
<keyFrame num="14">
<keyTime>0.583333</keyTime>
<localTransform>
<xAxis><x>0.958688</x><y>-0.020063</y><z>0.283753</z><w>0.000000</w></xAxis>
<yAxis><x>0.027930</x><y>0.999329</y><z>-0.023703</z><w>0.000000</w></yAxis>
<zAxis><x>-0.283087</x><y>0.030649</y><z>0.958604</z><w>0.000000</w></zAxis>
<wAxis><x>0.000000</x><y>0.831547</y><z>-0.068567</z><w>1.000000</w></wAxis>
</localTransform>
<worldTransform>
<xAxis><x>0.958688</x><y>-0.020063</y><z>0.283753</z><w>0.000000</w></xAxis>
<yAxis><x>0.027930</x><y>0.999329</y><z>-0.023703</z><w>0.000000</w></yAxis>
<zAxis><x>-0.283087</x><y>0.030649</y><z>0.958604</z><w>0.000000</w></zAxis>
<wAxis><x>0.000000</x><y>0.831547</y><z>-0.068567</z><w>1.000000</w></wAxis>
</worldTransform>
</keyFrame>
<keyFrame num="15">
<keyTime>0.625</keyTime>
<localTransform>
<xAxis><x>0.995113</x><y>0.028841</y><z>0.094436</z><w>0.000000</w></xAxis>
<yAxis><x>-0.036098</x><y>0.996449</y><z>0.076067</z><w>0.000000</w></yAxis>
<zAxis><x>-0.091907</x><y>-0.079104</y><z>0.992621</z><w>0.000000</w></zAxis>
<wAxis><x>0.010726</x><y>0.819375</y><z>-0.031957</z><w>1.000000</w></wAxis>
</localTransform>
<worldTransform>
<xAxis><x>0.995113</x><y>0.028841</y><z>0.094436</z><w>0.000000</w></xAxis>
<yAxis><x>-0.036098</x><y>0.996449</y><z>0.076067</z><w>0.000000</w></yAxis>
<zAxis><x>-0.091907</x><y>-0.079104</y><z>0.992621</z><w>0.000000</w></zAxis>
<wAxis><x>0.010726</x><y>0.819375</y><z>-0.031957</z><w>1.000000</w></wAxis>
</worldTransform>
</keyFrame>
<keyFrame num="16">
<keyTime>0.666667</keyTime>
<localTransform>
<xAxis><x>0.992054</x><y>0.078409</y><z>-0.098392</z><w>0.000000</w></xAxis>
<yAxis><x>-0.060214</x><y>0.982565</y><z>0.175896</z><w>0.000000</w></yAxis>
<zAxis><x>0.110469</x><y>-0.168574</y><z>0.979479</z><w>0.000000</w></zAxis>
<wAxis><x>0.021452</x><y>0.807204</y><z>0.004653</z><w>1.000000</w></wAxis>
</localTransform>
<worldTransform>
<xAxis><x>0.992054</x><y>0.078409</y><z>-0.098392</z><w>0.000000</w></xAxis>
<yAxis><x>-0.060214</x><y>0.982565</y><z>0.175896</z><w>0.000000</w></yAxis>
<zAxis><x>0.110469</x><y>-0.168574</y><z>0.979479</z><w>0.000000</w></zAxis>
<wAxis><x>0.021452</x><y>0.807204</y><z>0.004653</z><w>1.000000</w></wAxis>
</worldTransform>
</keyFrame>
<keyFrame num="17">
<keyTime>0.708333</keyTime>
<localTransform>
<xAxis><x>0.949831</x><y>0.122993</y><z>-0.287564</z><w>0.000000</w></xAxis>
<yAxis><x>-0.044947</x><y>0.963567</y><z>0.263664</z><w>0.000000</w></yAxis>
<zAxis><x>0.309516</x><y>-0.237511</y><z>0.920754</z><w>0.000000</w></zAxis>
<wAxis><x>0.032179</x><y>0.795033</y><z>0.041264</z><w>1.000000</w></wAxis>
</localTransform>
<worldTransform>
<xAxis><x>0.949831</x><y>0.122993</y><z>-0.287564</z><w>0.000000</w></xAxis>
<yAxis><x>-0.044947</x><y>0.963567</y><z>0.263664</z><w>0.000000</w></yAxis>
<zAxis><x>0.309516</x><y>-0.237511</y><z>0.920754</z><w>0.000000</w></zAxis>
<wAxis><x>0.032179</x><y>0.795033</y><z>0.041264</z><w>1.000000</w></wAxis>
</worldTransform>
</keyFrame>
<keyFrame num="18">
<keyTime>0.75</keyTime>
<localTransform>
<xAxis><x>0.878286</x><y>0.154998</y><z>-0.452315</z><w>0.000000</w></xAxis>
<yAxis><x>0.000000</x><y>0.945998</y><z>0.324173</z><w>0.000000</w></yAxis>
<zAxis><x>0.478135</x><y>-0.284716</y><z>0.830857</z><w>0.000000</w></zAxis>
<wAxis><x>0.042543</x><y>0.783325</y><z>0.074916</z><w>1.000000</w></wAxis>
</localTransform>
<worldTransform>
<xAxis><x>0.878286</x><y>0.154998</y><z>-0.452315</z><w>0.000000</w></xAxis>
<yAxis><x>0.000000</x><y>0.945998</y><z>0.324173</z><w>0.000000</w></yAxis>
<zAxis><x>0.478135</x><y>-0.284716</y><z>0.830857</z><w>0.000000</w></zAxis>
<wAxis><x>0.042543</x><y>0.783325</y><z>0.074916</z><w>1.000000</w></wAxis>
</worldTransform>
</keyFrame>
<keyFrame num="19">
<keyTime>0.791667</keyTime>
<localTransform>
<xAxis><x>0.878286</x><y>0.154998</y><z>-0.452315</z><w>0.000000</w></xAxis>
<yAxis><x>0.000000</x><y>0.945998</y><z>0.324173</z><w>0.000000</w></yAxis>
<zAxis><x>0.478135</x><y>-0.284716</y><z>0.830857</z><w>0.000000</w></zAxis>
<wAxis><x>0.048751</x><y>0.776943</y><z>0.074552</z><w>1.000000</w></wAxis>
</localTransform>
<worldTransform>
<xAxis><x>0.878286</x><y>0.154998</y><z>-0.452315</z><w>0.000000</w></xAxis>
<yAxis><x>0.000000</x><y>0.945998</y><z>0.324173</z><w>0.000000</w></yAxis>
<zAxis><x>0.478135</x><y>-0.284716</y><z>0.830857</z><w>0.000000</w></zAxis>
<wAxis><x>0.048751</x><y>0.776943</y><z>0.074552</z><w>1.000000</w></wAxis>
</worldTransform>
</keyFrame>
<keyFrame num="20">
<keyTime>0.833333</keyTime>
<localTransform>
<xAxis><x>0.878286</x><y>0.154998</y><z>-0.452315</z><w>0.000000</w></xAxis>
<yAxis><x>0.000000</x><y>0.945998</y><z>0.324173</z><w>0.000000</w></yAxis>
<zAxis><x>0.478135</x><y>-0.284716</y><z>0.830857</z><w>0.000000</w></zAxis>
<wAxis><x>0.054959</x><y>0.770561</y><z>0.074187</z><w>1.000000</w></wAxis>
</localTransform>
<worldTransform>
<xAxis><x>0.878286</x><y>0.154998</y><z>-0.452315</z><w>0.000000</w></xAxis>
<yAxis><x>0.000000</x><y>0.945998</y><z>0.324173</z><w>0.000000</w></yAxis>
<zAxis><x>0.478135</x><y>-0.284716</y><z>0.830857</z><w>0.000000</w></zAxis>
<wAxis><x>0.054959</x><y>0.770561</y><z>0.074187</z><w>1.000000</w></wAxis>
</worldTransform>
</keyFrame>
<keyFrame num="21">
<keyTime>0.875</keyTime>
<localTransform>
<xAxis><x>0.878286</x><y>0.154998</y><z>-0.452315</z><w>0.000000</w></xAxis>
<yAxis><x>0.000000</x><y>0.945998</y><z>0.324173</z><w>0.000000</w></yAxis>
<zAxis><x>0.478135</x><y>-0.284716</y><z>0.830857</z><w>0.000000</w></zAxis>
<wAxis><x>0.061166</x><y>0.764179</y><z>0.073823</z><w>1.000000</w></wAxis>
</localTransform>
<worldTransform>
<xAxis><x>0.878286</x><y>0.154998</y><z>-0.452315</z><w>0.000000</w></xAxis>
<yAxis><x>0.000000</x><y>0.945998</y><z>0.324173</z><w>0.000000</w></yAxis>
<zAxis><x>0.478135</x><y>-0.284716</y><z>0.830857</z><w>0.000000</w></zAxis>
<wAxis><x>0.061166</x><y>0.764179</y><z>0.073823</z><w>1.000000</w></wAxis>
</worldTransform>
</keyFrame>
<keyFrame num="22">
<keyTime>0.916667</keyTime>
<localTransform>
<xAxis><x>0.878286</x><y>0.154998</y><z>-0.452315</z><w>0.000000</w></xAxis>
<yAxis><x>0.000000</x><y>0.945998</y><z>0.324173</z><w>0.000000</w></yAxis>
<zAxis><x>0.478135</x><y>-0.284716</y><z>0.830857</z><w>0.000000</w></zAxis>
<wAxis><x>0.067374</x><y>0.757797</y><z>0.073459</z><w>1.000000</w></wAxis>
</localTransform>
<worldTransform>
<xAxis><x>0.878286</x><y>0.154998</y><z>-0.452315</z><w>0.000000</w></xAxis>
<yAxis><x>0.000000</x><y>0.945998</y><z>0.324173</z><w>0.000000</w></yAxis>
<zAxis><x>0.478135</x><y>-0.284716</y><z>0.830857</z><w>0.000000</w></zAxis>
<wAxis><x>0.067374</x><y>0.757797</y><z>0.073459</z><w>1.000000</w></wAxis>
</worldTransform>
</keyFrame>
<keyFrame num="23">
<keyTime>0.958333</keyTime>
<localTransform>
<xAxis><x>0.878286</x><y>0.154998</y><z>-0.452315</z><w>0.000000</w></xAxis>
<yAxis><x>0.000000</x><y>0.945998</y><z>0.324173</z><w>0.000000</w></yAxis>
<zAxis><x>0.478135</x><y>-0.284716</y><z>0.830857</z><w>0.000000</w></zAxis>
<wAxis><x>0.073582</x><y>0.751415</y><z>0.073095</z><w>1.000000</w></wAxis>
</localTransform>
<worldTransform>
<xAxis><x>0.878286</x><y>0.154998</y><z>-0.452315</z><w>0.000000</w></xAxis>
<yAxis><x>0.000000</x><y>0.945998</y><z>0.324173</z><w>0.000000</w></yAxis>
<zAxis><x>0.478135</x><y>-0.284716</y><z>0.830857</z><w>0.000000</w></zAxis>
<wAxis><x>0.073582</x><y>0.751415</y><z>0.073095</z><w>1.000000</w></wAxis>
</worldTransform>
</keyFrame>
<keyFrame num="24">
<keyTime>1</keyTime>
<localTransform>
<xAxis><x>0.906157</x><y>0.139590</y><z>-0.399242</z><w>0.000000</w></xAxis>
<yAxis><x>-0.014344</x><y>0.953565</y><z>0.300846</z><w>0.000000</w></yAxis>
<zAxis><x>0.422698</x><y>-0.266887</y><z>0.866082</z><w>0.000000</w></zAxis>
<wAxis><x>0.064384</x><y>0.761431</y><z>0.059201</z><w>1.000000</w></wAxis>
</localTransform>
<worldTransform>
<xAxis><x>0.906157</x><y>0.139590</y><z>-0.399242</z><w>0.000000</w></xAxis>
<yAxis><x>-0.014344</x><y>0.953565</y><z>0.300846</z><w>0.000000</w></yAxis>
<zAxis><x>0.422698</x><y>-0.266887</y><z>0.866082</z><w>0.000000</w></zAxis>
<wAxis><x>0.064384</x><y>0.761431</y><z>0.059201</z><w>1.000000</w></wAxis>
</worldTransform>
</keyFrame>
<keyFrame num="25">
<keyTime>1.04167</keyTime>
<localTransform>
<xAxis><x>0.930634</x><y>0.122625</y><z>-0.344794</z><w>0.000000</w></xAxis>
<yAxis><x>-0.025004</x><y>0.961293</y><z>0.274391</z><w>0.000000</w></yAxis>
<zAxis><x>0.365096</x><y>-0.246736</y><z>0.897678</z><w>0.000000</w></zAxis>
<wAxis><x>0.055186</x><y>0.771448</y><z>0.045308</z><w>1.000000</w></wAxis>
</localTransform>
<worldTransform>
<xAxis><x>0.930634</x><y>0.122625</y><z>-0.344794</z><w>0.000000</w></xAxis>
<yAxis><x>-0.025004</x><y>0.961293</y><z>0.274391</z><w>0.000000</w></yAxis>
<zAxis><x>0.365096</x><y>-0.246736</y><z>0.897678</z><w>0.000000</w></zAxis>
<wAxis><x>0.055186</x><y>0.771448</y><z>0.045308</z><w>1.000000</w></wAxis>
</worldTransform>
</keyFrame>
<keyFrame num="26">
<keyTime>1.08333</keyTime>
<localTransform>
<xAxis><x>0.951581</x><y>0.104303</y><z>-0.289160</z><w>0.000000</w></xAxis>
<yAxis><x>-0.031716</x><y>0.968967</y><z>0.245147</z><w>0.000000</w></yAxis>
<zAxis><x>0.305756</x><y>-0.224106</y><z>0.925359</z><w>0.000000</w></zAxis>
<wAxis><x>0.045989</x><y>0.781464</y><z>0.031414</z><w>1.000000</w></wAxis>
</localTransform>
<worldTransform>
<xAxis><x>0.951581</x><y>0.104303</y><z>-0.289160</z><w>0.000000</w></xAxis>
<yAxis><x>-0.031716</x><y>0.968967</y><z>0.245147</z><w>0.000000</w></yAxis>
<zAxis><x>0.305756</x><y>-0.224106</y><z>0.925359</z><w>0.000000</w></zAxis>
<wAxis><x>0.045989</x><y>0.781464</y><z>0.031414</z><w>1.000000</w></wAxis>
</worldTransform>
</keyFrame>
<keyFrame num="27">
<keyTime>1.125</keyTime>
<localTransform>
<xAxis><x>0.968882</x><y>0.084838</y><z>-0.232531</z><w>0.000000</w></xAxis>
<yAxis><x>-0.034257</x><y>0.976347</y><z>0.213477</z><w>0.000000</w></yAxis>
<zAxis><x>0.245142</x><y>-0.198868</y><z>0.948871</z><w>0.000000</w></zAxis>
<wAxis><x>0.036791</x><y>0.791481</y><z>0.017520</z><w>1.000000</w></wAxis>
</localTransform>
<worldTransform>
<xAxis><x>0.968882</x><y>0.084838</y><z>-0.232531</z><w>0.000000</w></xAxis>
<yAxis><x>-0.034257</x><y>0.976347</y><z>0.213477</z><w>0.000000</w></yAxis>
<zAxis><x>0.245142</x><y>-0.198868</y><z>0.948871</z><w>0.000000</w></zAxis>
<wAxis><x>0.036791</x><y>0.791481</y><z>0.017520</z><w>1.000000</w></wAxis>
</worldTransform>
</keyFrame>
<keyFrame num="28">
<keyTime>1.16667</keyTime>
<localTransform>
<xAxis><x>0.982439</x><y>0.064447</y><z>-0.175103</z><w>0.000000</w></xAxis>
<yAxis><x>-0.032455</x><y>0.983174</y><z>0.179768</z><w>0.000000</w></yAxis>
<zAxis><x>0.183742</x><y>-0.170928</y><z>0.967999</z><w>0.000000</w></zAxis>
<wAxis><x>0.027593</x><y>0.801497</y><z>0.003627</z><w>1.000000</w></wAxis>
</localTransform>
<worldTransform>
<xAxis><x>0.982439</x><y>0.064447</y><z>-0.175103</z><w>0.000000</w></xAxis>
<yAxis><x>-0.032455</x><y>0.983174</y><z>0.179768</z><w>0.000000</w></yAxis>
<zAxis><x>0.183742</x><y>-0.170928</y><z>0.967999</z><w>0.000000</w></zAxis>
<wAxis><x>0.027593</x><y>0.801497</y><z>0.003627</z><w>1.000000</w></wAxis>
</worldTransform>
</keyFrame>
<keyFrame num="29">
<keyTime>1.20833</keyTime>
<localTransform>
<xAxis><x>0.992177</x><y>0.043356</y><z>-0.117070</z><w>0.000000</w></xAxis>
<yAxis><x>-0.026183</x><y>0.989169</y><z>0.144424</z><w>0.000000</w></yAxis>
<zAxis><x>0.122064</x><y>-0.140229</y><z>0.982566</z><w>0.000000</w></zAxis>
<wAxis><x>0.018395</x><y>0.811514</y><z>-0.010267</z><w>1.000000</w></wAxis>
</localTransform>
<worldTransform>
<xAxis><x>0.992177</x><y>0.043356</y><z>-0.117070</z><w>0.000000</w></xAxis>
<yAxis><x>-0.026183</x><y>0.989169</y><z>0.144424</z><w>0.000000</w></yAxis>
<zAxis><x>0.122064</x><y>-0.140229</y><z>0.982566</z><w>0.000000</w></zAxis>
<wAxis><x>0.018395</x><y>0.811514</y><z>-0.010267</z><w>1.000000</w></wAxis>
</worldTransform>
</keyFrame>
<keyFrame num="30">
<keyTime>1.25</keyTime>
<localTransform>
<xAxis><x>0.998041</x><y>0.021796</y><z>-0.058636</z><w>0.000000</w></xAxis>
<yAxis><x>-0.015371</x><y>0.994046</y><z>0.107868</z><w>0.000000</w></yAxis>
<zAxis><x>0.060638</x><y>-0.106756</y><z>0.992434</z><w>0.000000</w></zAxis>
<wAxis><x>0.009198</x><y>0.821530</y><z>-0.024160</z><w>1.000000</w></wAxis>
</localTransform>
<worldTransform>
<xAxis><x>0.998041</x><y>0.021796</y><z>-0.058636</z><w>0.000000</w></xAxis>
<yAxis><x>-0.015371</x><y>0.994046</y><z>0.107868</z><w>0.000000</w></yAxis>
<zAxis><x>0.060638</x><y>-0.106756</y><z>0.992434</z><w>0.000000</w></zAxis>
<wAxis><x>0.009198</x><y>0.821530</y><z>-0.024160</z><w>1.000000</w></wAxis>
</worldTransform>
</keyFrame>
<keyFrame num="31">
<keyTime>1.29167</keyTime>
<localTransform>
<xAxis><x>1.000000</x><y>0.000000</y><z>0.000000</z><w>0.000000</w></xAxis>
<yAxis><x>0.000000</x><y>0.997510</y><z>0.070531</z><w>0.000000</w></yAxis>
<zAxis><x>0.000000</x><y>-0.070531</y><z>0.997510</z><w>0.000000</w></zAxis>
<wAxis><x>0.000000</x><y>0.831547</y><z>-0.038054</z><w>1.000000</w></wAxis>
</localTransform>
<worldTransform>
<xAxis><x>1.000000</x><y>0.000000</y><z>0.000000</z><w>0.000000</w></xAxis>
<yAxis><x>0.000000</x><y>0.997510</y><z>0.070531</z><w>0.000000</w></yAxis>
<zAxis><x>0.000000</x><y>-0.070531</y><z>0.997510</z><w>0.000000</w></zAxis>
<wAxis><x>0.000000</x><y>0.831547</y><z>-0.038054</z><w>1.000000</w></wAxis>
</worldTransform>
</keyFrame>
</KeyFrames>
</animBone>
<animBone boneIndex="1">
<KeyFrames numKeys="32">
<keyFrame num="0">
<keyTime>0</keyTime>
<localTransform>
<xAxis><x>1.000000</x><y>0.000000</y><z>0.000000</z><w>0.000000</w></xAxis>
<yAxis><x>0.000000</x><y>1.000000</y><z>0.000000</z><w>0.000000</w></yAxis>
<zAxis><x>0.000000</x><y>0.000000</y><z>1.000000</z><w>0.000000</w></zAxis>
<wAxis><x>0.000000</x><y>0.165686</y><z>-0.076468</z><w>1.000000</w></wAxis>
</localTransform>
<worldTransform>
<xAxis><x>1.000000</x><y>0.000000</y><z>0.000000</z><w>0.000000</w></xAxis>
<yAxis><x>0.000000</x><y>1.000000</y><z>0.000000</z><w>0.000000</w></yAxis>
<zAxis><x>0.000000</x><y>0.000000</y><z>1.000000</z><w>0.000000</w></zAxis>
<wAxis><x>0.000000</x><y>1.012252</y><z>-0.114523</z><w>1.000000</w></wAxis>
</worldTransform>
</keyFrame>
<keyFrame num="1">
<keyTime>0.0416667</keyTime>
<localTransform>
<xAxis><x>0.999862</x><y>0.000000</y><z>0.016607</z><w>0.000000</w></xAxis>
<yAxis><x>-0.001936</x><y>0.993180</y><z>0.116578</z><w>0.000000</w></yAxis>
<zAxis><x>-0.016494</x><y>-0.116594</y><z>0.993043</z><w>0.000000</w></zAxis>
<wAxis><x>0.000000</x><y>0.165686</y><z>-0.076468</z><w>1.000000</w></wAxis>
</localTransform>
<worldTransform>
<xAxis><x>0.998816</x><y>-0.003499</y><z>0.048514</z><w>0.000000</w></xAxis>
<yAxis><x>-0.005617</x><y>0.982437</y><z>0.186511</z><w>0.000000</w></yAxis>
<zAxis><x>-0.048314</x><y>-0.186563</y><z>0.981254</z><w>0.000000</w></zAxis>
<wAxis><x>0.002459</x><y>1.002230</y><z>-0.105946</z><w>1.000000</w></wAxis>
</worldTransform>
</keyFrame>
<keyFrame num="2">
<keyTime>0.0833333</keyTime>
<localTransform>
<xAxis><x>0.999448</x><y>0.000000</y><z>0.033209</z><w>0.000000</w></xAxis>
<yAxis><x>-0.002972</x><y>0.995987</y><z>0.089444</z><w>0.000000</w></yAxis>
<zAxis><x>-0.033076</x><y>-0.089494</y><z>0.995438</z><w>0.000000</w></zAxis>
<wAxis><x>0.000000</x><y>0.165686</y><z>-0.076468</z><w>1.000000</w></wAxis>
</localTransform>
<worldTransform>
<xAxis><x>0.995268</x><y>-0.006993</y><z>0.096913</z><w>0.000000</w></xAxis>
<yAxis><x>-0.008607</x><y>0.987141</y><z>0.159617</z><w>0.000000</w></yAxis>
<zAxis><x>-0.096783</x><y>-0.159696</y><z>0.982410</z><w>0.000000</w></zAxis>
<wAxis><x>0.004913</x><y>1.002236</y><z>-0.109180</z><w>1.000000</w></wAxis>
</worldTransform>
</keyFrame>
<keyFrame num="3">
<keyTime>0.125</keyTime>
<localTransform>
<xAxis><x>0.998759</x><y>0.000000</y><z>0.049802</z><w>0.000000</w></xAxis>
<yAxis><x>-0.003104</x><y>0.998056</y><z>0.062250</z><w>0.000000</w></yAxis>
<zAxis><x>-0.049706</x><y>-0.062327</y><z>0.996817</z><w>0.000000</w></zAxis>
<wAxis><x>0.000000</x><y>0.165686</y><z>-0.076468</z><w>1.000000</w></wAxis>
</localTransform>
<worldTransform>
<xAxis><x>0.989364</x><y>-0.010464</y><z>0.145083</z><w>0.000000</w></xAxis>
<yAxis><x>-0.008959</x><y>0.991132</y><z>0.132579</z><w>0.000000</w></yAxis>
<zAxis><x>-0.145183</x><y>-0.132469</y><z>0.980497</z><w>0.000000</w></zAxis>
<wAxis><x>0.007359</x><y>1.002231</y><z>-0.112349</z><w>1.000000</w></wAxis>
</worldTransform>
</keyFrame>
<keyFrame num="4">
<keyTime>0.166667</keyTime>
<localTransform>
<xAxis><x>0.997794</x><y>0.000000</y><z>0.066382</z><w>0.000000</w></xAxis>
<yAxis><x>-0.002331</x><y>0.999383</y><z>0.035036</z><w>0.000000</w></yAxis>
<zAxis><x>-0.066341</x><y>-0.035114</y><z>0.997179</z><w>0.000000</w></zAxis>
<wAxis><x>0.000000</x><y>0.165686</y><z>-0.076468</z><w>1.000000</w></wAxis>
</localTransform>
<worldTransform>
<xAxis><x>0.981118</x><y>-0.013896</y><z>0.192909</z><w>0.000000</w></xAxis>
<yAxis><x>-0.006681</x><y>0.994386</y><z>0.105607</z><w>0.000000</w></yAxis>
<zAxis><x>-0.193294</x><y>-0.104902</y><z>0.975517</z><w>0.000000</w></zAxis>
<wAxis><x>0.009795</x><y>1.002216</y><z>-0.115452</z><w>1.000000</w></wAxis>
</worldTransform>
</keyFrame>
<keyFrame num="5">
<keyTime>0.208333</keyTime>
<localTransform>
<xAxis><x>0.996554</x><y>0.000000</y><z>0.082943</z><w>0.000000</w></xAxis>
<yAxis><x>-0.000653</x><y>0.999969</y><z>0.007847</z><w>0.000000</w></yAxis>
<zAxis><x>-0.082941</x><y>-0.007874</y><z>0.996523</z><w>0.000000</w></zAxis>
<wAxis><x>0.000000</x><y>0.165686</y><z>-0.076468</z><w>1.000000</w></wAxis>
</localTransform>
<worldTransform>
<xAxis><x>0.970550</x><y>-0.017273</y><z>0.240280</z><w>0.000000</w></xAxis>
<yAxis><x>-0.001795</x><y>0.996880</y><z>0.078911</z><w>0.000000</w></yAxis>
<zAxis><x>-0.240894</x><y>-0.077018</y><z>0.967491</z><w>0.000000</w></zAxis>
<wAxis><x>0.012219</x><y>1.002191</y><z>-0.118490</z><w>1.000000</w></wAxis>
</worldTransform>
</keyFrame>
<keyFrame num="6">
<keyTime>0.25</keyTime>
<localTransform>
<xAxis><x>0.995039</x><y>0.000000</y><z>0.099481</z><w>0.000000</w></xAxis>
<yAxis><x>0.001927</x><y>0.999812</y><z>-0.019275</z><w>0.000000</w></yAxis>
<zAxis><x>-0.099463</x><y>0.019371</y><z>0.994853</z><w>0.000000</w></zAxis>
<wAxis><x>0.000000</x><y>0.165686</y><z>-0.076468</z><w>1.000000</w></wAxis>
</localTransform>
<worldTransform>
<xAxis><x>0.957684</x><y>-0.020578</y><z>0.287084</z><w>0.000000</w></xAxis>
<yAxis><x>0.005660</x><y>0.998594</y><z>0.052699</z><w>0.000000</w></yAxis>
<zAxis><x>-0.287765</x><y>-0.048844</y><z>0.956455</z><w>0.000000</w></zAxis>
<wAxis><x>0.014629</x><y>1.002156</y><z>-0.121465</z><w>1.000000</w></wAxis>
</worldTransform>
</keyFrame>
<keyFrame num="7">
<keyTime>0.291667</keyTime>
<localTransform>
<xAxis><x>0.993250</x><y>0.000000</y><z>0.115992</z><w>0.000000</w></xAxis>
<yAxis><x>0.005405</x><y>0.998914</y><z>-0.046287</z><w>0.000000</w></yAxis>
<zAxis><x>-0.115866</x><y>0.046601</y><z>0.992171</z><w>0.000000</w></zAxis>
<wAxis><x>0.000000</x><y>0.165686</y><z>-0.076468</z><w>1.000000</w></wAxis>
</localTransform>
<worldTransform>
<xAxis><x>0.942553</x><y>-0.023796</y><z>0.333209</z><w>0.000000</w></xAxis>
<yAxis><x>0.015627</x><y>0.999509</y><z>0.027175</z><w>0.000000</w></yAxis>
<zAxis><x>-0.333692</x><y>-0.020406</y><z>0.942461</z><w>0.000000</w></zAxis>
<wAxis><x>0.017022</x><y>1.002111</y><z>-0.124375</z><w>1.000000</w></wAxis>
</worldTransform>
</keyFrame>
<keyFrame num="8">
<keyTime>0.333333</keyTime>
<localTransform>
<xAxis><x>0.991187</x><y>0.000000</y><z>0.132471</z><w>0.000000</w></xAxis>
<yAxis><x>0.009776</x><y>0.997273</y><z>-0.073147</z><w>0.000000</w></yAxis>
<zAxis><x>-0.132110</x><y>0.073798</y><z>0.988484</z><w>0.000000</w></zAxis>
<wAxis><x>0.000000</x><y>0.165686</y><z>-0.076468</z><w>1.000000</w></wAxis>
</localTransform>
<worldTransform>
<xAxis><x>0.925190</x><y>-0.026911</y><z>0.378549</z><w>0.000000</w></xAxis>
<yAxis><x>0.028037</x><y>0.999604</y><z>0.002538</z><w>0.000000</w></yAxis>
<zAxis><x>-0.378467</x><y>0.008265</y><z>0.925578</z><w>0.000000</w></zAxis>
<wAxis><x>0.019397</x><y>1.002055</y><z>-0.127223</z><w>1.000000</w></wAxis>
</worldTransform>
</keyFrame>
<keyFrame num="9">
<keyTime>0.375</keyTime>
<localTransform>
<xAxis><x>0.988850</x><y>-0.000000</y><z>0.148913</z><w>0.000000</w></xAxis>
<yAxis><x>0.015031</x><y>0.994893</y><z>-0.099813</z><w>0.000000</w></yAxis>
<zAxis><x>-0.148153</x><y>0.100939</y><z>0.983800</z><w>0.000000</w></zAxis>
<wAxis><x>0.000000</x><y>0.165686</y><z>-0.076468</z><w>1.000000</w></wAxis>
</localTransform>
<worldTransform>
<xAxis><x>0.905638</x><y>-0.029909</y><z>0.422995</z><w>0.000000</w></xAxis>
<yAxis><x>0.042803</x><y>0.998862</y><z>-0.021016</z><w>0.000000</w></yAxis>
<zAxis><x>-0.421885</x><y>0.037138</y><z>0.905888</z><w>0.000000</w></zAxis>
<wAxis><x>0.021752</x><y>1.001991</y><z>-0.130008</z><w>1.000000</w></wAxis>
</worldTransform>
</keyFrame>
<keyFrame num="10">
<keyTime>0.416667</keyTime>
<localTransform>
<xAxis><x>0.988850</x><y>-0.000000</y><z>0.148913</z><w>0.000000</w></xAxis>
<yAxis><x>0.015031</x><y>0.994893</y><z>-0.099813</z><w>0.000000</w></yAxis>
<zAxis><x>-0.148153</x><y>0.100939</y><z>0.983800</z><w>0.000000</w></zAxis>
<wAxis><x>0.000000</x><y>0.165686</y><z>-0.076468</z><w>1.000000</w></wAxis>
</localTransform>
<worldTransform>
<xAxis><x>0.905647</x><y>-0.026985</y><z>0.423174</z><w>0.000000</w></xAxis>
<yAxis><x>0.048364</x><y>0.998034</y><z>-0.039861</z><w>0.000000</w></yAxis>
<zAxis><x>-0.421266</x><y>0.056566</y><z>0.905171</z><w>0.000000</w></zAxis>
<wAxis><x>0.022675</x><y>1.000678</y><z>-0.133218</z><w>1.000000</w></wAxis>
</worldTransform>
</keyFrame>
<keyFrame num="11">
<keyTime>0.458333</keyTime>
<localTransform>
<xAxis><x>0.988850</x><y>-0.000000</y><z>0.148913</z><w>0.000000</w></xAxis>
<yAxis><x>0.015031</x><y>0.994893</y><z>-0.099813</z><w>0.000000</w></yAxis>
<zAxis><x>-0.148153</x><y>0.100939</y><z>0.983800</z><w>0.000000</w></zAxis>
<wAxis><x>0.000000</x><y>0.165686</y><z>-0.076468</z><w>1.000000</w></wAxis>
</localTransform>
<worldTransform>
<xAxis><x>0.905671</x><y>-0.024059</y><z>0.423298</z><w>0.000000</w></xAxis>
<yAxis><x>0.053911</x><y>0.996820</y><z>-0.058690</z><w>0.000000</w></yAxis>
<zAxis><x>-0.420539</x><y>0.075974</y><z>0.904088</z><w>0.000000</w></zAxis>
<wAxis><x>0.023589</x><y>0.999299</y><z>-0.136403</z><w>1.000000</w></wAxis>
</worldTransform>
</keyFrame>
<keyFrame num="12">
<keyTime>0.5</keyTime>
<localTransform>
<xAxis><x>0.988850</x><y>-0.000000</y><z>0.148913</z><w>0.000000</w></xAxis>
<yAxis><x>0.015031</x><y>0.994893</y><z>-0.099813</z><w>0.000000</w></yAxis>
<zAxis><x>-0.148153</x><y>0.100939</y><z>0.983800</z><w>0.000000</w></zAxis>
<wAxis><x>0.000000</x><y>0.165686</y><z>-0.076468</z><w>1.000000</w></wAxis>
</localTransform>
<worldTransform>
<xAxis><x>0.905712</x><y>-0.021131</y><z>0.423366</z><w>0.000000</w></xAxis>
<yAxis><x>0.059443</x><y>0.995219</y><z>-0.077493</z><w>0.000000</w></yAxis>
<zAxis><x>-0.419705</x><y>0.095353</y><z>0.902638</z><w>0.000000</w></zAxis>
<wAxis><x>0.024494</x><y>0.997856</y><z>-0.139562</z><w>1.000000</w></wAxis>
</worldTransform>
</keyFrame>
<keyFrame num="13">
<keyTime>0.541667</keyTime>
<localTransform>
<xAxis><x>0.988850</x><y>-0.000000</y><z>0.148913</z><w>0.000000</w></xAxis>
<yAxis><x>0.015031</x><y>0.994893</y><z>-0.099813</z><w>0.000000</w></yAxis>
<zAxis><x>-0.148153</x><y>0.100939</y><z>0.983800</z><w>0.000000</w></zAxis>
<wAxis><x>0.000000</x><y>0.165686</y><z>-0.076468</z><w>1.000000</w></wAxis>
</localTransform>
<worldTransform>
<xAxis><x>0.905769</x><y>-0.018203</y><z>0.423380</z><w>0.000000</w></xAxis>
<yAxis><x>0.064958</x><y>0.993234</y><z>-0.096265</z><w>0.000000</w></yAxis>
<zAxis><x>-0.418763</x><y>0.114696</y><z>0.900823</z><w>0.000000</w></zAxis>
<wAxis><x>0.025389</x><y>0.996349</y><z>-0.142694</z><w>1.000000</w></wAxis>
</worldTransform>
</keyFrame>
<keyFrame num="14">
<keyTime>0.583333</keyTime>
<localTransform>
<xAxis><x>0.988850</x><y>-0.000000</y><z>0.148913</z><w>0.000000</w></xAxis>
<yAxis><x>0.015031</x><y>0.994893</y><z>-0.099813</z><w>0.000000</w></yAxis>
<zAxis><x>-0.148153</x><y>0.100939</y><z>0.983800</z><w>0.000000</w></zAxis>
<wAxis><x>0.000000</x><y>0.165686</y><z>-0.076468</z><w>1.000000</w></wAxis>
</localTransform>
<worldTransform>
<xAxis><x>0.905843</x><y>-0.015275</y><z>0.423338</z><w>0.000000</w></xAxis>
<yAxis><x>0.070453</x><y>0.990864</y><z>-0.114999</z><w>0.000000</w></yAxis>
<zAxis><x>-0.417714</x><y>0.133996</y><z>0.898644</z><w>0.000000</w></zAxis>
<wAxis><x>0.026275</x><y>0.994778</y><z>-0.145797</z><w>1.000000</w></wAxis>
</worldTransform>
</keyFrame>
<keyFrame num="15">
<keyTime>0.625</keyTime>
<localTransform>
<xAxis><x>0.988850</x><y>-0.000000</y><z>0.148913</z><w>0.000000</w></xAxis>
<yAxis><x>0.015031</x><y>0.994893</y><z>-0.099813</z><w>0.000000</w></yAxis>
<zAxis><x>-0.148153</x><y>0.100939</y><z>0.983800</z><w>0.000000</w></zAxis>
<wAxis><x>0.000000</x><y>0.165686</y><z>-0.076468</z><w>1.000000</w></wAxis>
</localTransform>
<worldTransform>
<xAxis><x>0.970332</x><y>0.016740</y><z>0.241197</z><w>0.000000</w></xAxis>
<yAxis><x>-0.011783</x><y>0.999689</y><z>-0.021979</z><w>0.000000</w></yAxis>
<zAxis><x>-0.241490</x><y>0.018485</y><z>0.970227</z><w>0.000000</w></zAxis>
<wAxis><x>0.011773</x><y>0.990522</y><z>-0.095258</z><w>1.000000</w></wAxis>
</worldTransform>
</keyFrame>
<keyFrame num="16">
<keyTime>0.666667</keyTime>
<localTransform>
<xAxis><x>0.994511</x><y>0.002829</y><z>0.104597</z><w>0.000000</w></xAxis>
<yAxis><x>0.001941</x><y>0.998964</y><z>-0.045472</z><w>0.000000</w></yAxis>
<zAxis><x>-0.104617</x><y>0.045425</y><z>0.993475</z><w>0.000000</w></zAxis>
<wAxis><x>0.000000</x><y>0.165686</y><z>-0.076468</z><w>1.000000</w></wAxis>
</localTransform>
<worldTransform>
<xAxis><x>0.997993</x><y>0.063126</y><z>0.005096</z><w>0.000000</w></xAxis>
<yAxis><x>-0.063249</x><y>0.989365</y><z>0.130984</z><w>0.000000</w></yAxis>
<zAxis><x>0.003227</x><y>-0.131044</y><z>0.991371</z><w>0.000000</w></zAxis>
<wAxis><x>0.003028</x><y>0.982892</y><z>-0.041102</z><w>1.000000</w></wAxis>
</worldTransform>
</keyFrame>
<keyFrame num="17">
<keyTime>0.708333</keyTime>
<localTransform>
<xAxis><x>0.998523</x><y>0.006068</y><z>0.053988</z><w>0.000000</w></xAxis>
<yAxis><x>-0.007004</x><y>0.999828</y><z>0.017160</z><w>0.000000</w></yAxis>
<zAxis><x>-0.053875</x><y>-0.017513</y><z>0.998394</z><w>0.000000</w></zAxis>
<wAxis><x>0.000000</x><y>0.165686</y><z>-0.076468</z><w>1.000000</w></wAxis>
</localTransform>
<worldTransform>
<xAxis><x>0.964866</x><y>0.115836</y><z>-0.235829</z><w>0.000000</w></xAxis>
<yAxis><x>-0.046280</x><y>0.958464</y><z>0.281433</z><w>0.000000</w></yAxis>
<zAxis><x>0.258634</x><y>-0.260631</y><z>0.930151</z><w>0.000000</w></zAxis>
<wAxis><x>0.001063</x><y>0.972844</y><z>0.014541</z><w>1.000000</w></wAxis>
</worldTransform>
</keyFrame>
<keyFrame num="18">
<keyTime>0.75</keyTime>
<localTransform>
<xAxis><x>0.999951</x><y>0.009309</y><z>0.003241</z><w>0.000000</w></xAxis>
<yAxis><x>-0.009539</x><y>0.996747</y><z>0.080023</z><w>0.000000</w></yAxis>
<zAxis><x>-0.002486</x><y>-0.080050</y><z>0.996788</z><w>0.000000</w></zAxis>
<wAxis><x>0.000000</x><y>0.165686</y><z>-0.076468</z><w>1.000000</w></wAxis>
</localTransform>
<worldTransform>
<xAxis><x>0.879793</x><y>0.162874</y><z>-0.446582</z><w>0.000000</w></xAxis>
<yAxis><x>0.029884</x><y>0.918658</y><z>0.393921</z><w>0.000000</w></yAxis>
<zAxis><x>0.474416</x><y>-0.359915</y><z>0.803362</z><w>0.000000</w></zAxis>
<wAxis><x>0.005981</x><y>0.961835</y><z>0.065092</z><w>1.000000</w></wAxis>
</worldTransform>
</keyFrame>
<keyFrame num="19">
<keyTime>0.791667</keyTime>
<localTransform>
<xAxis><x>0.998792</x><y>0.012527</y><z>-0.047514</z><w>0.000000</w></xAxis>
<yAxis><x>-0.005641</x><y>0.989795</y><z>0.142385</z><w>0.000000</w></yAxis>
<zAxis><x>0.048813</x><y>-0.141945</y><z>0.988670</z><w>0.000000</w></zAxis>
<wAxis><x>0.000000</x><y>0.165686</y><z>-0.076468</z><w>1.000000</w></wAxis>
</localTransform>
<worldTransform>
<xAxis><x>0.854507</x><y>0.180190</y><z>-0.487185</z><w>0.000000</w></xAxis>
<yAxis><x>0.063125</x><y>0.894931</y><z>0.441717</z><w>0.000000</w></yAxis>
<zAxis><x>0.515590</x><y>-0.408204</y><z>0.753350</z><w>0.000000</w></zAxis>
<wAxis><x>0.012189</x><y>0.955453</y><z>0.064728</z><w>1.000000</w></wAxis>
</worldTransform>
</keyFrame>
<keyFrame num="20">
<keyTime>0.833333</keyTime>
<localTransform>
<xAxis><x>0.997072</x><y>0.013933</y><z>-0.075189</z><w>0.000000</w></xAxis>
<yAxis><x>-0.000325</x><y>0.984025</y><z>0.178032</z><w>0.000000</w></yAxis>
<zAxis><x>0.076468</x><y>-0.177487</y><z>0.981148</z><w>0.000000</w></zAxis>
<wAxis><x>0.000000</x><y>0.165686</y><z>-0.076468</z><w>1.000000</w></wAxis>
</localTransform>
<worldTransform>
<xAxis><x>0.839764</x><y>0.189133</y><z>-0.508945</z><w>0.000000</w></xAxis>
<yAxis><x>0.084838</x><y>0.880146</y><z>0.467061</z><w>0.000000</w></yAxis>
<zAxis><x>0.536282</x><y>-0.435399</y><z>0.723069</z><w>0.000000</w></zAxis>
<wAxis><x>0.018396</x><y>0.949071</y><z>0.064364</z><w>1.000000</w></wAxis>
</worldTransform>
</keyFrame>
<keyFrame num="21">
<keyTime>0.875</keyTime>
<localTransform>
<xAxis><x>0.997580</x><y>0.012673</y><z>-0.068365</z><w>0.000000</w></xAxis>
<yAxis><x>-0.000517</x><y>0.984575</y><z>0.174961</z><w>0.000000</w></yAxis>
<zAxis><x>0.069527</x><y>-0.174502</y><z>0.982199</z><w>0.000000</w></zAxis>
<wAxis><x>0.000000</x><y>0.165686</y><z>-0.076468</z><w>1.000000</w></wAxis>
</localTransform>
