<?xml version="1.0" encoding="utf-8"?>
<Animation name="Walk">
<Duration>1</Duration>
<animBone boneIndex="0">
<KeyFrames numKeys="25">
<keyFrame num="0">
<keyTime>0</keyTime>
<localTransform>
<xAxis><x>1.000000</x><y>0.000000</y><z>0.000000</z><w>0.000000</w></xAxis>
<yAxis><x>0.000000</x><y>1.000000</y><z>0.000000</z><w>0.000000</w></yAxis>
<zAxis><x>0.000000</x><y>0.000000</y><z>1.000000</z><w>0.000000</w></zAxis>
<wAxis><x>0.000000</x><y>0.846566</y><z>-0.038054</z><w>1.000000</w></wAxis>
</localTransform>
<worldTransform>
<xAxis><x>1.000000</x><y>0.000000</y><z>0.000000</z><w>0.000000</w></xAxis>
<yAxis><x>0.000000</x><y>1.000000</y><z>0.000000</z><w>0.000000</w></yAxis>
<zAxis><x>0.000000</x><y>0.000000</y><z>1.000000</z><w>0.000000</w></zAxis>
<wAxis><x>0.000000</x><y>0.846566</y><z>-0.038054</z><w>1.000000</w></wAxis>
</worldTransform>
</keyFrame>
<keyFrame num="1">
<keyTime>0.0416667</keyTime>
<localTransform>
<xAxis><x>1.000000</x><y>0.000000</y><z>0.000000</z><w>0.000000</w></xAxis>
<yAxis><x>0.000000</x><y>0.985240</y><z>0.171180</z><w>0.000000</w></yAxis>
<zAxis><x>0.000000</x><y>-0.171180</y><z>0.985240</z><w>0.000000</w></zAxis>
<wAxis><x>0.000000</x><y>0.761702</y><z>-0.038054</z><w>1.000000</w></wAxis>
</localTransform>
<worldTransform>
<xAxis><x>1.000000</x><y>0.000000</y><z>0.000000</z><w>0.000000</w></xAxis>
<yAxis><x>0.000000</x><y>0.985240</y><z>0.171180</z><w>0.000000</w></yAxis>
<zAxis><x>0.000000</x><y>-0.171180</y><z>0.985240</z><w>0.000000</w></zAxis>
<wAxis><x>0.000000</x><y>0.761702</y><z>-0.038054</z><w>1.000000</w></wAxis>
</worldTransform>
</keyFrame>
<keyFrame num="2">
<keyTime>0.0833333</keyTime>
<localTransform>
<xAxis><x>1.000000</x><y>0.000000</y><z>0.000000</z><w>0.000000</w></xAxis>
<yAxis><x>0.000000</x><y>0.985240</y><z>0.171180</z><w>0.000000</w></yAxis>
<zAxis><x>0.000000</x><y>-0.171180</y><z>0.985240</z><w>0.000000</w></zAxis>
<wAxis><x>0.000000</x><y>0.761702</y><z>-0.038054</z><w>1.000000</w></wAxis>
</localTransform>
<worldTransform>
<xAxis><x>1.000000</x><y>0.000000</y><z>0.000000</z><w>0.000000</w></xAxis>
<yAxis><x>0.000000</x><y>0.985240</y><z>0.171180</z><w>0.000000</w></yAxis>
<zAxis><x>0.000000</x><y>-0.171180</y><z>0.985240</z><w>0.000000</w></zAxis>
<wAxis><x>0.000000</x><y>0.761702</y><z>-0.038054</z><w>1.000000</w></wAxis>
</worldTransform>
</keyFrame>
<keyFrame num="3">
<keyTime>0.125</keyTime>
<localTransform>
<xAxis><x>1.000000</x><y>0.000000</y><z>0.000000</z><w>0.000000</w></xAxis>
<yAxis><x>0.000000</x><y>0.985240</y><z>0.171180</z><w>0.000000</w></yAxis>
<zAxis><x>0.000000</x><y>-0.171180</y><z>0.985240</z><w>0.000000</w></zAxis>
<wAxis><x>0.000000</x><y>0.761702</y><z>-0.038054</z><w>1.000000</w></wAxis>
</localTransform>
<worldTransform>
<xAxis><x>1.000000</x><y>0.000000</y><z>0.000000</z><w>0.000000</w></xAxis>
<yAxis><x>0.000000</x><y>0.985240</y><z>0.171180</z><w>0.000000</w></yAxis>
<zAxis><x>0.000000</x><y>-0.171180</y><z>0.985240</z><w>0.000000</w></zAxis>
<wAxis><x>0.000000</x><y>0.761702</y><z>-0.038054</z><w>1.000000</w></wAxis>
</worldTransform>
</keyFrame>
<keyFrame num="4">
<keyTime>0.166667</keyTime>
<localTransform>
<xAxis><x>1.000000</x><y>0.000000</y><z>0.000000</z><w>0.000000</w></xAxis>
<yAxis><x>0.000000</x><y>0.985240</y><z>0.171180</z><w>0.000000</w></yAxis>
<zAxis><x>0.000000</x><y>-0.171180</y><z>0.985240</z><w>0.000000</w></zAxis>
<wAxis><x>0.000000</x><y>0.788620</y><z>-0.038054</z><w>1.000000</w></wAxis>
</localTransform>
<worldTransform>
<xAxis><x>1.000000</x><y>0.000000</y><z>0.000000</z><w>0.000000</w></xAxis>
<yAxis><x>0.000000</x><y>0.985240</y><z>0.171180</z><w>0.000000</w></yAxis>
<zAxis><x>0.000000</x><y>-0.171180</y><z>0.985240</z><w>0.000000</w></zAxis>
<wAxis><x>0.000000</x><y>0.788620</y><z>-0.038054</z><w>1.000000</w></wAxis>
</worldTransform>
</keyFrame>
<keyFrame num="5">
<keyTime>0.208333</keyTime>
<localTransform>
<xAxis><x>1.000000</x><y>0.000000</y><z>0.000000</z><w>0.000000</w></xAxis>
<yAxis><x>0.000000</x><y>0.985240</y><z>0.171180</z><w>0.000000</w></yAxis>
<zAxis><x>0.000000</x><y>-0.171180</y><z>0.985240</z><w>0.000000</w></zAxis>
<wAxis><x>0.000000</x><y>0.815538</y><z>-0.038054</z><w>1.000000</w></wAxis>
</localTransform>
<worldTransform>
<xAxis><x>1.000000</x><y>0.000000</y><z>0.000000</z><w>0.000000</w></xAxis>
<yAxis><x>0.000000</x><y>0.985240</y><z>0.171180</z><w>0.000000</w></yAxis>
<zAxis><x>0.000000</x><y>-0.171180</y><z>0.985240</z><w>0.000000</w></zAxis>
<wAxis><x>0.000000</x><y>0.815538</y><z>-0.038054</z><w>1.000000</w></wAxis>
</worldTransform>
</keyFrame>
<keyFrame num="6">
<keyTime>0.25</keyTime>
<localTransform>
<xAxis><x>1.000000</x><y>0.000000</y><z>0.000000</z><w>0.000000</w></xAxis>
<yAxis><x>0.000000</x><y>0.985240</y><z>0.171180</z><w>0.000000</w></yAxis>
<zAxis><x>0.000000</x><y>-0.171180</y><z>0.985240</z><w>0.000000</w></zAxis>
<wAxis><x>0.000000</x><y>0.842456</y><z>-0.038054</z><w>1.000000</w></wAxis>
</localTransform>
<worldTransform>
<xAxis><x>1.000000</x><y>0.000000</y><z>0.000000</z><w>0.000000</w></xAxis>
<yAxis><x>0.000000</x><y>0.985240</y><z>0.171180</z><w>0.000000</w></yAxis>
<zAxis><x>0.000000</x><y>-0.171180</y><z>0.985240</z><w>0.000000</w></zAxis>
<wAxis><x>0.000000</x><y>0.842456</y><z>-0.038054</z><w>1.000000</w></wAxis>
</worldTransform>
</keyFrame>
<keyFrame num="7">
<keyTime>0.291667</keyTime>
<localTransform>
<xAxis><x>1.000000</x><y>0.000000</y><z>0.000000</z><w>0.000000</w></xAxis>
<yAxis><x>0.000000</x><y>0.985240</y><z>0.171180</z><w>0.000000</w></yAxis>
<zAxis><x>0.000000</x><y>-0.171180</y><z>0.985240</z><w>0.000000</w></zAxis>
<wAxis><x>0.000000</x><y>0.869374</y><z>-0.038054</z><w>1.000000</w></wAxis>
</localTransform>
<worldTransform>
<xAxis><x>1.000000</x><y>0.000000</y><z>0.000000</z><w>0.000000</w></xAxis>
<yAxis><x>0.000000</x><y>0.985240</y><z>0.171180</z><w>0.000000</w></yAxis>
<zAxis><x>0.000000</x><y>-0.171180</y><z>0.985240</z><w>0.000000</w></zAxis>
<wAxis><x>0.000000</x><y>0.869374</y><z>-0.038054</z><w>1.000000</w></wAxis>
</worldTransform>
</keyFrame>
<keyFrame num="8">
<keyTime>0.333333</keyTime>
<localTransform>
<xAxis><x>1.000000</x><y>0.000000</y><z>0.000000</z><w>0.000000</w></xAxis>
<yAxis><x>0.000000</x><y>0.985240</y><z>0.171180</z><w>0.000000</w></yAxis>
<zAxis><x>0.000000</x><y>-0.171180</y><z>0.985240</z><w>0.000000</w></zAxis>
<wAxis><x>0.000000</x><y>0.847840</y><z>-0.038054</z><w>1.000000</w></wAxis>
</localTransform>
<worldTransform>
<xAxis><x>1.000000</x><y>0.000000</y><z>0.000000</z><w>0.000000</w></xAxis>
<yAxis><x>0.000000</x><y>0.985240</y><z>0.171180</z><w>0.000000</w></yAxis>
<zAxis><x>0.000000</x><y>-0.171180</y><z>0.985240</z><w>0.000000</w></zAxis>
<wAxis><x>0.000000</x><y>0.847840</y><z>-0.038054</z><w>1.000000</w></wAxis>
</worldTransform>
</keyFrame>
<keyFrame num="9">
<keyTime>0.375</keyTime>
<localTransform>
<xAxis><x>1.000000</x><y>0.000000</y><z>0.000000</z><w>0.000000</w></xAxis>
<yAxis><x>0.000000</x><y>0.985240</y><z>0.171180</z><w>0.000000</w></yAxis>
<zAxis><x>0.000000</x><y>-0.171180</y><z>0.985240</z><w>0.000000</w></zAxis>
<wAxis><x>0.000000</x><y>0.826306</y><z>-0.038054</z><w>1.000000</w></wAxis>
</localTransform>
<worldTransform>
<xAxis><x>1.000000</x><y>0.000000</y><z>0.000000</z><w>0.000000</w></xAxis>
<yAxis><x>0.000000</x><y>0.985240</y><z>0.171180</z><w>0.000000</w></yAxis>
<zAxis><x>0.000000</x><y>-0.171180</y><z>0.985240</z><w>0.000000</w></zAxis>
<wAxis><x>0.000000</x><y>0.826306</y><z>-0.038054</z><w>1.000000</w></wAxis>
</worldTransform>
</keyFrame>
<keyFrame num="10">
<keyTime>0.416667</keyTime>
<localTransform>
<xAxis><x>1.000000</x><y>0.000000</y><z>0.000000</z><w>0.000000</w></xAxis>
<yAxis><x>0.000000</x><y>0.985240</y><z>0.171180</z><w>0.000000</w></yAxis>
<zAxis><x>0.000000</x><y>-0.171180</y><z>0.985240</z><w>0.000000</w></zAxis>
<wAxis><x>0.000000</x><y>0.804771</y><z>-0.038054</z><w>1.000000</w></wAxis>
</localTransform>
<worldTransform>
<xAxis><x>1.000000</x><y>0.000000</y><z>0.000000</z><w>0.000000</w></xAxis>
<yAxis><x>0.000000</x><y>0.985240</y><z>0.171180</z><w>0.000000</w></yAxis>
<zAxis><x>0.000000</x><y>-0.171180</y><z>0.985240</z><w>0.000000</w></zAxis>
<wAxis><x>0.000000</x><y>0.804771</y><z>-0.038054</z><w>1.000000</w></wAxis>
</worldTransform>
</keyFrame>
<keyFrame num="11">
<keyTime>0.458333</keyTime>
<localTransform>
<xAxis><x>1.000000</x><y>0.000000</y><z>0.000000</z><w>0.000000</w></xAxis>
<yAxis><x>0.000000</x><y>0.985240</y><z>0.171180</z><w>0.000000</w></yAxis>
<zAxis><x>0.000000</x><y>-0.171180</y><z>0.985240</z><w>0.000000</w></zAxis>
<wAxis><x>0.000000</x><y>0.783237</y><z>-0.038054</z><w>1.000000</w></wAxis>
</localTransform>
<worldTransform>
<xAxis><x>1.000000</x><y>0.000000</y><z>0.000000</z><w>0.000000</w></xAxis>
<yAxis><x>0.000000</x><y>0.985240</y><z>0.171180</z><w>0.000000</w></yAxis>
<zAxis><x>0.000000</x><y>-0.171180</y><z>0.985240</z><w>0.000000</w></zAxis>
<wAxis><x>0.000000</x><y>0.783237</y><z>-0.038054</z><w>1.000000</w></wAxis>
</worldTransform>
</keyFrame>
<keyFrame num="12">
<keyTime>0.5</keyTime>
<localTransform>
<xAxis><x>1.000000</x><y>0.000000</y><z>0.000000</z><w>0.000000</w></xAxis>
<yAxis><x>0.000000</x><y>0.985240</y><z>0.171180</z><w>0.000000</w></yAxis>
<zAxis><x>0.000000</x><y>-0.171180</y><z>0.985240</z><w>0.000000</w></zAxis>
<wAxis><x>0.000000</x><y>0.761702</y><z>-0.038054</z><w>1.000000</w></wAxis>
</localTransform>
<worldTransform>
<xAxis><x>1.000000</x><y>0.000000</y><z>0.000000</z><w>0.000000</w></xAxis>
<yAxis><x>0.000000</x><y>0.985240</y><z>0.171180</z><w>0.000000</w></yAxis>
<zAxis><x>0.000000</x><y>-0.171180</y><z>0.985240</z><w>0.000000</w></zAxis>
<wAxis><x>0.000000</x><y>0.761702</y><z>-0.038054</z><w>1.000000</w></wAxis>
</worldTransform>
</keyFrame>
<keyFrame num="13">
<keyTime>0.541667</keyTime>
<localTransform>
<xAxis><x>1.000000</x><y>0.000000</y><z>0.000000</z><w>0.000000</w></xAxis>
<yAxis><x>0.000000</x><y>0.985240</y><z>0.171180</z><w>0.000000</w></yAxis>
<zAxis><x>0.000000</x><y>-0.171180</y><z>0.985240</z><w>0.000000</w></zAxis>
<wAxis><x>0.000000</x><y>0.761702</y><z>-0.038054</z><w>1.000000</w></wAxis>
</localTransform>
<worldTransform>
<xAxis><x>1.000000</x><y>0.000000</y><z>0.000000</z><w>0.000000</w></xAxis>
<yAxis><x>0.000000</x><y>0.985240</y><z>0.171180</z><w>0.000000</w></yAxis>
<zAxis><x>0.000000</x><y>-0.171180</y><z>0.985240</z><w>0.000000</w></zAxis>
<wAxis><x>0.000000</x><y>0.761702</y><z>-0.038054</z><w>1.000000</w></wAxis>
</worldTransform>
</keyFrame>
<keyFrame num="14">
<keyTime>0.583333</keyTime>
<localTransform>
<xAxis><x>1.000000</x><y>0.000000</y><z>0.000000</z><w>0.000000</w></xAxis>
<yAxis><x>0.000000</x><y>0.985240</y><z>0.171180</z><w>0.000000</w></yAxis>
<zAxis><x>0.000000</x><y>-0.171180</y><z>0.985240</z><w>0.000000</w></zAxis>
<wAxis><x>0.000000</x><y>0.761702</y><z>-0.038054</z><w>1.000000</w></wAxis>
</localTransform>
<worldTransform>
<xAxis><x>1.000000</x><y>0.000000</y><z>0.000000</z><w>0.000000</w></xAxis>
<yAxis><x>0.000000</x><y>0.985240</y><z>0.171180</z><w>0.000000</w></yAxis>
<zAxis><x>0.000000</x><y>-0.171180</y><z>0.985240</z><w>0.000000</w></zAxis>
<wAxis><x>0.000000</x><y>0.761702</y><z>-0.038054</z><w>1.000000</w></wAxis>
</worldTransform>
</keyFrame>
<keyFrame num="15">
<keyTime>0.625</keyTime>
<localTransform>
<xAxis><x>1.000000</x><y>0.000000</y><z>0.000000</z><w>0.000000</w></xAxis>
<yAxis><x>0.000000</x><y>0.985240</y><z>0.171180</z><w>0.000000</w></yAxis>
<zAxis><x>0.000000</x><y>-0.171180</y><z>0.985240</z><w>0.000000</w></zAxis>
<wAxis><x>0.000000</x><y>0.761702</y><z>-0.038054</z><w>1.000000</w></wAxis>
</localTransform>
<worldTransform>
<xAxis><x>1.000000</x><y>0.000000</y><z>0.000000</z><w>0.000000</w></xAxis>
<yAxis><x>0.000000</x><y>0.985240</y><z>0.171180</z><w>0.000000</w></yAxis>
<zAxis><x>0.000000</x><y>-0.171180</y><z>0.985240</z><w>0.000000</w></zAxis>
<wAxis><x>0.000000</x><y>0.761702</y><z>-0.038054</z><w>1.000000</w></wAxis>
</worldTransform>
</keyFrame>
<keyFrame num="16">
<keyTime>0.666667</keyTime>
<localTransform>
<xAxis><x>1.000000</x><y>0.000000</y><z>0.000000</z><w>0.000000</w></xAxis>
<yAxis><x>0.000000</x><y>0.985240</y><z>0.171180</z><w>0.000000</w></yAxis>
<zAxis><x>0.000000</x><y>-0.171180</y><z>0.985240</z><w>0.000000</w></zAxis>
<wAxis><x>0.000000</x><y>0.761702</y><z>-0.038054</z><w>1.000000</w></wAxis>
</localTransform>
<worldTransform>
<xAxis><x>1.000000</x><y>0.000000</y><z>0.000000</z><w>0.000000</w></xAxis>
<yAxis><x>0.000000</x><y>0.985240</y><z>0.171180</z><w>0.000000</w></yAxis>
<zAxis><x>0.000000</x><y>-0.171180</y><z>0.985240</z><w>0.000000</w></zAxis>
<wAxis><x>0.000000</x><y>0.761702</y><z>-0.038054</z><w>1.000000</w></wAxis>
</worldTransform>
</keyFrame>
<keyFrame num="17">
<keyTime>0.708333</keyTime>
<localTransform>
<xAxis><x>1.000000</x><y>0.000000</y><z>0.000000</z><w>0.000000</w></xAxis>
<yAxis><x>0.000000</x><y>0.985240</y><z>0.171180</z><w>0.000000</w></yAxis>
<zAxis><x>0.000000</x><y>-0.171180</y><z>0.985240</z><w>0.000000</w></zAxis>
<wAxis><x>0.000000</x><y>0.788668</y><z>-0.038054</z><w>1.000000</w></wAxis>
</localTransform>
<worldTransform>
<xAxis><x>1.000000</x><y>0.000000</y><z>0.000000</z><w>0.000000</w></xAxis>
<yAxis><x>0.000000</x><y>0.985240</y><z>0.171180</z><w>0.000000</w></yAxis>
<zAxis><x>0.000000</x><y>-0.171180</y><z>0.985240</z><w>0.000000</w></zAxis>
<wAxis><x>0.000000</x><y>0.788668</y><z>-0.038054</z><w>1.000000</w></wAxis>
</worldTransform>
</keyFrame>
<keyFrame num="18">
<keyTime>0.75</keyTime>
<localTransform>
<xAxis><x>1.000000</x><y>0.000000</y><z>0.000000</z><w>0.000000</w></xAxis>
<yAxis><x>0.000000</x><y>0.985240</y><z>0.171180</z><w>0.000000</w></yAxis>
<zAxis><x>0.000000</x><y>-0.171180</y><z>0.985240</z><w>0.000000</w></zAxis>
<wAxis><x>0.000000</x><y>0.815634</y><z>-0.038054</z><w>1.000000</w></wAxis>
</localTransform>
<worldTransform>
<xAxis><x>1.000000</x><y>0.000000</y><z>0.000000</z><w>0.000000</w></xAxis>
<yAxis><x>0.000000</x><y>0.985240</y><z>0.171180</z><w>0.000000</w></yAxis>
<zAxis><x>0.000000</x><y>-0.171180</y><z>0.985240</z><w>0.000000</w></zAxis>
<wAxis><x>0.000000</x><y>0.815634</y><z>-0.038054</z><w>1.000000</w></wAxis>
</worldTransform>
</keyFrame>
<keyFrame num="19">
<keyTime>0.791667</keyTime>
<localTransform>
<xAxis><x>1.000000</x><y>0.000000</y><z>0.000000</z><w>0.000000</w></xAxis>
<yAxis><x>0.000000</x><y>0.985240</y><z>0.171180</z><w>0.000000</w></yAxis>
<zAxis><x>0.000000</x><y>-0.171180</y><z>0.985240</z><w>0.000000</w></zAxis>
<wAxis><x>0.000000</x><y>0.842600</y><z>-0.038054</z><w>1.000000</w></wAxis>
</localTransform>
<worldTransform>
<xAxis><x>1.000000</x><y>0.000000</y><z>0.000000</z><w>0.000000</w></xAxis>
<yAxis><x>0.000000</x><y>0.985240</y><z>0.171180</z><w>0.000000</w></yAxis>
<zAxis><x>0.000000</x><y>-0.171180</y><z>0.985240</z><w>0.000000</w></zAxis>
<wAxis><x>0.000000</x><y>0.842600</y><z>-0.038054</z><w>1.000000</w></wAxis>
</worldTransform>
</keyFrame>
<keyFrame num="20">
<keyTime>0.833333</keyTime>
<localTransform>
<xAxis><x>1.000000</x><y>0.000000</y><z>0.000000</z><w>0.000000</w></xAxis>
<yAxis><x>0.000000</x><y>0.985240</y><z>0.171180</z><w>0.000000</w></yAxis>
<zAxis><x>0.000000</x><y>-0.171180</y><z>0.985240</z><w>0.000000</w></zAxis>
<wAxis><x>0.000000</x><y>0.869566</y><z>-0.038054</z><w>1.000000</w></wAxis>
</localTransform>
<worldTransform>
<xAxis><x>1.000000</x><y>0.000000</y><z>0.000000</z><w>0.000000</w></xAxis>
<yAxis><x>0.000000</x><y>0.985240</y><z>0.171180</z><w>0.000000</w></yAxis>
<zAxis><x>0.000000</x><y>-0.171180</y><z>0.985240</z><w>0.000000</w></zAxis>
<wAxis><x>0.000000</x><y>0.869566</y><z>-0.038054</z><w>1.000000</w></wAxis>
</worldTransform>
</keyFrame>
<keyFrame num="21">
<keyTime>0.875</keyTime>
<localTransform>
<xAxis><x>1.000000</x><y>0.000000</y><z>0.000000</z><w>0.000000</w></xAxis>
<yAxis><x>0.000000</x><y>0.985240</y><z>0.171180</z><w>0.000000</w></yAxis>
<zAxis><x>0.000000</x><y>-0.171180</y><z>0.985240</z><w>0.000000</w></zAxis>
<wAxis><x>0.000000</x><y>0.842600</y><z>-0.038054</z><w>1.000000</w></wAxis>
</localTransform>
<worldTransform>
<xAxis><x>1.000000</x><y>0.000000</y><z>0.000000</z><w>0.000000</w></xAxis>
<yAxis><x>0.000000</x><y>0.985240</y><z>0.171180</z><w>0.000000</w></yAxis>
<zAxis><x>0.000000</x><y>-0.171180</y><z>0.985240</z><w>0.000000</w></zAxis>
<wAxis><x>0.000000</x><y>0.842600</y><z>-0.038054</z><w>1.000000</w></wAxis>
</worldTransform>
</keyFrame>
<keyFrame num="22">
<keyTime>0.916667</keyTime>
<localTransform>
<xAxis><x>1.000000</x><y>0.000000</y><z>0.000000</z><w>0.000000</w></xAxis>
<yAxis><x>0.000000</x><y>0.985240</y><z>0.171180</z><w>0.000000</w></yAxis>
<zAxis><x>0.000000</x><y>-0.171180</y><z>0.985240</z><w>0.000000</w></zAxis>
<wAxis><x>0.000000</x><y>0.815634</y><z>-0.038054</z><w>1.000000</w></wAxis>
</localTransform>
<worldTransform>
<xAxis><x>1.000000</x><y>0.000000</y><z>0.000000</z><w>0.000000</w></xAxis>
<yAxis><x>0.000000</x><y>0.985240</y><z>0.171180</z><w>0.000000</w></yAxis>
<zAxis><x>0.000000</x><y>-0.171180</y><z>0.985240</z><w>0.000000</w></zAxis>
<wAxis><x>0.000000</x><y>0.815634</y><z>-0.038054</z><w>1.000000</w></wAxis>
</worldTransform>
</keyFrame>
<keyFrame num="23">
<keyTime>0.958333</keyTime>
<localTransform>
<xAxis><x>1.000000</x><y>0.000000</y><z>0.000000</z><w>0.000000</w></xAxis>
<yAxis><x>0.000000</x><y>0.985240</y><z>0.171180</z><w>0.000000</w></yAxis>
<zAxis><x>0.000000</x><y>-0.171180</y><z>0.985240</z><w>0.000000</w></zAxis>
<wAxis><x>0.000000</x><y>0.788668</y><z>-0.038054</z><w>1.000000</w></wAxis>
</localTransform>
<worldTransform>
<xAxis><x>1.000000</x><y>0.000000</y><z>0.000000</z><w>0.000000</w></xAxis>
<yAxis><x>0.000000</x><y>0.985240</y><z>0.171180</z><w>0.000000</w></yAxis>
<zAxis><x>0.000000</x><y>-0.171180</y><z>0.985240</z><w>0.000000</w></zAxis>
<wAxis><x>0.000000</x><y>0.788668</y><z>-0.038054</z><w>1.000000</w></wAxis>
</worldTransform>
</keyFrame>
<keyFrame num="24">
<keyTime>1</keyTime>
<localTransform>
<xAxis><x>1.000000</x><y>0.000000</y><z>0.000000</z><w>0.000000</w></xAxis>
<yAxis><x>0.000000</x><y>0.985240</y><z>0.171180</z><w>0.000000</w></yAxis>
<zAxis><x>0.000000</x><y>-0.171180</y><z>0.985240</z><w>0.000000</w></zAxis>
<wAxis><x>0.000000</x><y>0.761702</y><z>-0.038054</z><w>1.000000</w></wAxis>
</localTransform>
<worldTransform>
<xAxis><x>1.000000</x><y>0.000000</y><z>0.000000</z><w>0.000000</w></xAxis>
<yAxis><x>0.000000</x><y>0.985240</y><z>0.171180</z><w>0.000000</w></yAxis>
<zAxis><x>0.000000</x><y>-0.171180</y><z>0.985240</z><w>0.000000</w></zAxis>
<wAxis><x>0.000000</x><y>0.761702</y><z>-0.038054</z><w>1.000000</w></wAxis>
</worldTransform>
</keyFrame>
</KeyFrames>
</animBone>
<animBone boneIndex="1">
<KeyFrames numKeys="25">
<keyFrame num="0">
<keyTime>0</keyTime>
<localTransform>
<xAxis><x>1.000000</x><y>0.000000</y><z>0.000000</z><w>0.000000</w></xAxis>
<yAxis><x>0.000000</x><y>1.000000</y><z>0.000000</z><w>0.000000</w></yAxis>
<zAxis><x>0.000000</x><y>0.000000</y><z>1.000000</z><w>0.000000</w></zAxis>
<wAxis><x>0.000000</x><y>0.165686</y><z>-0.076468</z><w>1.000000</w></wAxis>
</localTransform>
<worldTransform>
<xAxis><x>1.000000</x><y>0.000000</y><z>0.000000</z><w>0.000000</w></xAxis>
<yAxis><x>0.000000</x><y>1.000000</y><z>0.000000</z><w>0.000000</w></yAxis>
<zAxis><x>0.000000</x><y>0.000000</y><z>1.000000</z><w>0.000000</w></zAxis>
<wAxis><x>0.000000</x><y>1.012252</y><z>-0.114523</z><w>1.000000</w></wAxis>
</worldTransform>
</keyFrame>
<keyFrame num="1">
<keyTime>0.0416667</keyTime>
<localTransform>
<xAxis><x>0.984808</x><y>0.000000</y><z>-0.173648</z><w>0.000000</w></xAxis>
<yAxis><x>0.000000</x><y>1.000000</y><z>0.000000</z><w>0.000000</w></yAxis>
<zAxis><x>0.173648</x><y>0.000000</y><z>0.984808</z><w>0.000000</w></zAxis>
<wAxis><x>0.000000</x><y>0.165686</y><z>-0.076468</z><w>1.000000</w></wAxis>
</localTransform>
<worldTransform>
<xAxis><x>0.984808</x><y>0.029725</y><z>-0.171085</z><w>0.000000</w></xAxis>
<yAxis><x>0.000000</x><y>0.985240</y><z>0.171180</z><w>0.000000</w></yAxis>
<zAxis><x>0.173648</x><y>-0.168579</y><z>0.970272</z><w>0.000000</w></zAxis>
<wAxis><x>0.000000</x><y>0.938032</y><z>-0.085032</z><w>1.000000</w></wAxis>
</worldTransform>
</keyFrame>
<keyFrame num="2">
<keyTime>0.0833333</keyTime>
<localTransform>
<xAxis><x>0.984808</x><y>0.000000</y><z>-0.173648</z><w>0.000000</w></xAxis>
<yAxis><x>0.000000</x><y>1.000000</y><z>0.000000</z><w>0.000000</w></yAxis>
<zAxis><x>0.173648</x><y>0.000000</y><z>0.984808</z><w>0.000000</w></zAxis>
<wAxis><x>0.000000</x><y>0.165686</y><z>-0.076468</z><w>1.000000</w></wAxis>
</localTransform>
<worldTransform>
<xAxis><x>0.984808</x><y>0.029725</y><z>-0.171085</z><w>0.000000</w></xAxis>
<yAxis><x>0.000000</x><y>0.985240</y><z>0.171180</z><w>0.000000</w></yAxis>
<zAxis><x>0.173648</x><y>-0.168579</y><z>0.970272</z><w>0.000000</w></zAxis>
<wAxis><x>0.000000</x><y>0.938032</y><z>-0.085032</z><w>1.000000</w></wAxis>
</worldTransform>
</keyFrame>
<keyFrame num="3">
<keyTime>0.125</keyTime>
<localTransform>
<xAxis><x>0.984808</x><y>0.000000</y><z>-0.173648</z><w>0.000000</w></xAxis>
<yAxis><x>0.000000</x><y>1.000000</y><z>0.000000</z><w>0.000000</w></yAxis>
<zAxis><x>0.173648</x><y>0.000000</y><z>0.984808</z><w>0.000000</w></zAxis>
<wAxis><x>0.000000</x><y>0.165686</y><z>-0.076468</z><w>1.000000</w></wAxis>
</localTransform>
<worldTransform>
<xAxis><x>0.984808</x><y>0.029725</y><z>-0.171085</z><w>0.000000</w></xAxis>
<yAxis><x>0.000000</x><y>0.985240</y><z>0.171180</z><w>0.000000</w></yAxis>
<zAxis><x>0.173648</x><y>-0.168579</y><z>0.970272</z><w>0.000000</w></zAxis>
<wAxis><x>0.000000</x><y>0.938032</y><z>-0.085032</z><w>1.000000</w></wAxis>
</worldTransform>
</keyFrame>
<keyFrame num="4">
<keyTime>0.166667</keyTime>
<localTransform>
<xAxis><x>0.990800</x><y>0.000000</y><z>-0.135331</z><w>0.000000</w></xAxis>
<yAxis><x>0.000000</x><y>1.000000</y><z>0.000000</z><w>0.000000</w></yAxis>
<zAxis><x>0.135331</x><y>0.000000</y><z>0.990800</z><w>0.000000</w></zAxis>
<wAxis><x>0.000000</x><y>0.165686</y><z>-0.076468</z><w>1.000000</w></wAxis>
</localTransform>
<worldTransform>
<xAxis><x>0.990800</x><y>0.023166</y><z>-0.133334</z><w>0.000000</w></xAxis>
<yAxis><x>0.000000</x><y>0.985240</y><z>0.171180</z><w>0.000000</w></yAxis>
<zAxis><x>0.135331</x><y>-0.169605</y><z>0.976176</z><w>0.000000</w></zAxis>
<wAxis><x>0.000000</x><y>0.964951</y><z>-0.085032</z><w>1.000000</w></wAxis>
</worldTransform>
</keyFrame>
<keyFrame num="5">
<keyTime>0.208333</keyTime>
<localTransform>
<xAxis><x>0.995303</x><y>0.000000</y><z>-0.096811</z><w>0.000000</w></xAxis>
<yAxis><x>0.000000</x><y>1.000000</y><z>0.000000</z><w>0.000000</w></yAxis>
<zAxis><x>0.096811</x><y>0.000000</y><z>0.995303</z><w>0.000000</w></zAxis>
<wAxis><x>0.000000</x><y>0.165686</y><z>-0.076468</z><w>1.000000</w></wAxis>
</localTransform>
<worldTransform>
<xAxis><x>0.995303</x><y>0.016572</y><z>-0.095382</z><w>0.000000</w></xAxis>
<yAxis><x>0.000000</x><y>0.985240</y><z>0.171180</z><w>0.000000</w></yAxis>
<zAxis><x>0.096811</x><y>-0.170375</y><z>0.980612</z><w>0.000000</w></zAxis>
<wAxis><x>0.000000</x><y>0.991869</y><z>-0.085032</z><w>1.000000</w></wAxis>
</worldTransform>
</keyFrame>
<keyFrame num="6">
<keyTime>0.25</keyTime>
<localTransform>
<xAxis><x>0.998308</x><y>0.000000</y><z>-0.058145</z><w>0.000000</w></xAxis>
<yAxis><x>0.000000</x><y>1.000000</y><z>0.000000</z><w>0.000000</w></yAxis>
<zAxis><x>0.058145</x><y>0.000000</y><z>0.998308</z><w>0.000000</w></zAxis>
<wAxis><x>0.000000</x><y>0.165686</y><z>-0.076468</z><w>1.000000</w></wAxis>
</localTransform>
<worldTransform>
<xAxis><x>0.998308</x><y>0.009953</y><z>-0.057287</z><w>0.000000</w></xAxis>
<yAxis><x>0.000000</x><y>0.985240</y><z>0.171180</z><w>0.000000</w></yAxis>
<zAxis><x>0.058145</x><y>-0.170890</y><z>0.983573</z><w>0.000000</w></zAxis>
<wAxis><x>0.000000</x><y>1.018787</y><z>-0.085032</z><w>1.000000</w></wAxis>
</worldTransform>
</keyFrame>
<keyFrame num="7">
<keyTime>0.291667</keyTime>
<localTransform>
<xAxis><x>0.999812</x><y>0.000000</y><z>-0.019391</z><w>0.000000</w></xAxis>
<yAxis><x>0.000000</x><y>1.000000</y><z>0.000000</z><w>0.000000</w></yAxis>
<zAxis><x>0.019391</x><y>0.000000</y><z>0.999812</z><w>0.000000</w></zAxis>
<wAxis><x>0.000000</x><y>0.165686</y><z>-0.076468</z><w>1.000000</w></wAxis>
</localTransform>
<worldTransform>
<xAxis><x>0.999812</x><y>0.003319</y><z>-0.019105</z><w>0.000000</w></xAxis>
<yAxis><x>0.000000</x><y>0.985240</y><z>0.171180</z><w>0.000000</w></yAxis>
<zAxis><x>0.019391</x><y>-0.171147</y><z>0.985055</z><w>0.000000</w></zAxis>
<wAxis><x>0.000000</x><y>1.045705</y><z>-0.085032</z><w>1.000000</w></wAxis>
</worldTransform>
</keyFrame>
<keyFrame num="8">
<keyTime>0.333333</keyTime>
<localTransform>
<xAxis><x>0.999812</x><y>0.000000</y><z>0.019391</z><w>0.000000</w></xAxis>
<yAxis><x>-0.000000</x><y>1.000000</y><z>0.000000</z><w>0.000000</w></yAxis>
<zAxis><x>-0.019391</x><y>-0.000000</y><z>0.999812</z><w>0.000000</w></zAxis>
<wAxis><x>0.000000</x><y>0.165686</y><z>-0.076468</z><w>1.000000</w></wAxis>
</localTransform>
<worldTransform>
<xAxis><x>0.999812</x><y>-0.003319</y><z>0.019105</z><w>0.000000</w></xAxis>
<yAxis><x>0.000000</x><y>0.985240</y><z>0.171180</z><w>0.000000</w></yAxis>
<zAxis><x>-0.019391</x><y>-0.171147</y><z>0.985055</z><w>0.000000</w></zAxis>
<wAxis><x>0.000000</x><y>1.024170</y><z>-0.085032</z><w>1.000000</w></wAxis>
</worldTransform>
</keyFrame>
<keyFrame num="9">
<keyTime>0.375</keyTime>
<localTransform>
<xAxis><x>0.998308</x><y>0.000000</y><z>0.058145</z><w>0.000000</w></xAxis>
<yAxis><x>-0.000000</x><y>1.000000</y><z>0.000000</z><w>0.000000</w></yAxis>
<zAxis><x>-0.058145</x><y>-0.000000</y><z>0.998308</z><w>0.000000</w></zAxis>
<wAxis><x>0.000000</x><y>0.165686</y><z>-0.076468</z><w>1.000000</w></wAxis>
</localTransform>
<worldTransform>
<xAxis><x>0.998308</x><y>-0.009953</y><z>0.057287</z><w>0.000000</w></xAxis>
<yAxis><x>0.000000</x><y>0.985240</y><z>0.171180</z><w>0.000000</w></yAxis>
<zAxis><x>-0.058145</x><y>-0.170890</y><z>0.983573</z><w>0.000000</w></zAxis>
<wAxis><x>0.000000</x><y>1.002636</y><z>-0.085032</z><w>1.000000</w></wAxis>
</worldTransform>
</keyFrame>
<keyFrame num="10">
<keyTime>0.416667</keyTime>
<localTransform>
<xAxis><x>0.995303</x><y>0.000000</y><z>0.096811</z><w>0.000000</w></xAxis>
<yAxis><x>-0.000000</x><y>1.000000</y><z>0.000000</z><w>0.000000</w></yAxis>
<zAxis><x>-0.096811</x><y>-0.000000</y><z>0.995303</z><w>0.000000</w></zAxis>
<wAxis><x>0.000000</x><y>0.165686</y><z>-0.076468</z><w>1.000000</w></wAxis>
</localTransform>
<worldTransform>
<xAxis><x>0.995303</x><y>-0.016572</y><z>0.095382</z><w>0.000000</w></xAxis>
<yAxis><x>0.000000</x><y>0.985240</y><z>0.171180</z><w>0.000000</w></yAxis>
<zAxis><x>-0.096811</x><y>-0.170375</y><z>0.980612</z><w>0.000000</w></zAxis>
<wAxis><x>0.000000</x><y>0.981101</y><z>-0.085032</z><w>1.000000</w></wAxis>
</worldTransform>
</keyFrame>
<keyFrame num="11">
<keyTime>0.458333</keyTime>
<localTransform>
<xAxis><x>0.990800</x><y>0.000000</y><z>0.135331</z><w>0.000000</w></xAxis>
<yAxis><x>-0.000000</x><y>1.000000</y><z>0.000000</z><w>0.000000</w></yAxis>
<zAxis><x>-0.135331</x><y>-0.000000</y><z>0.990800</z><w>0.000000</w></zAxis>
<wAxis><x>0.000000</x><y>0.165686</y><z>-0.076468</z><w>1.000000</w></wAxis>
</localTransform>
<worldTransform>
<xAxis><x>0.990800</x><y>-0.023166</y><z>0.133334</z><w>0.000000</w></xAxis>
<yAxis><x>0.000000</x><y>0.985240</y><z>0.171180</z><w>0.000000</w></yAxis>
<zAxis><x>-0.135331</x><y>-0.169605</y><z>0.976176</z><w>0.000000</w></zAxis>
<wAxis><x>0.000000</x><y>0.959567</y><z>-0.085032</z><w>1.000000</w></wAxis>
</worldTransform>
</keyFrame>
<keyFrame num="12">
<keyTime>0.5</keyTime>
<localTransform>
<xAxis><x>0.984808</x><y>0.000000</y><z>0.173648</z><w>0.000000</w></xAxis>
<yAxis><x>-0.000000</x><y>1.000000</y><z>0.000000</z><w>0.000000</w></yAxis>
<zAxis><x>-0.173648</x><y>-0.000000</y><z>0.984808</z><w>0.000000</w></zAxis>
<wAxis><x>0.000000</x><y>0.165686</y><z>-0.076468</z><w>1.000000</w></wAxis>
</localTransform>
<worldTransform>
<xAxis><x>0.984808</x><y>-0.029725</y><z>0.171085</z><w>0.000000</w></xAxis>
<yAxis><x>0.000000</x><y>0.985240</y><z>0.171180</z><w>0.000000</w></yAxis>
<zAxis><x>-0.173648</x><y>-0.168579</y><z>0.970272</z><w>0.000000</w></zAxis>
<wAxis><x>0.000000</x><y>0.938032</y><z>-0.085032</z><w>1.000000</w></wAxis>
</worldTransform>
</keyFrame>
<keyFrame num="13">
<keyTime>0.541667</keyTime>
<localTransform>
<xAxis><x>0.984808</x><y>0.000000</y><z>0.173648</z><w>0.000000</w></xAxis>
<yAxis><x>-0.000000</x><y>1.000000</y><z>0.000000</z><w>0.000000</w></yAxis>
<zAxis><x>-0.173648</x><y>-0.000000</y><z>0.984808</z><w>0.000000</w></zAxis>
<wAxis><x>0.000000</x><y>0.165686</y><z>-0.076468</z><w>1.000000</w></wAxis>
</localTransform>
<worldTransform>
<xAxis><x>0.984808</x><y>-0.029725</y><z>0.171085</z><w>0.000000</w></xAxis>
<yAxis><x>0.000000</x><y>0.985240</y><z>0.171180</z><w>0.000000</w></yAxis>
<zAxis><x>-0.173648</x><y>-0.168579</y><z>0.970272</z><w>0.000000</w></zAxis>
<wAxis><x>0.000000</x><y>0.938032</y><z>-0.085032</z><w>1.000000</w></wAxis>
</worldTransform>
</keyFrame>
<keyFrame num="14">
<keyTime>0.583333</keyTime>
<localTransform>
<xAxis><x>0.984808</x><y>0.000000</y><z>0.173648</z><w>0.000000</w></xAxis>
<yAxis><x>-0.000000</x><y>1.000000</y><z>0.000000</z><w>0.000000</w></yAxis>
<zAxis><x>-0.173648</x><y>-0.000000</y><z>0.984808</z><w>0.000000</w></zAxis>
<wAxis><x>0.000000</x><y>0.165686</y><z>-0.076468</z><w>1.000000</w></wAxis>
</localTransform>
<worldTransform>
<xAxis><x>0.984808</x><y>-0.029725</y><z>0.171085</z><w>0.000000</w></xAxis>
<yAxis><x>0.000000</x><y>0.985240</y><z>0.171180</z><w>0.000000</w></yAxis>
<zAxis><x>-0.173648</x><y>-0.168579</y><z>0.970272</z><w>0.000000</w></zAxis>
<wAxis><x>0.000000</x><y>0.938032</y><z>-0.085032</z><w>1.000000</w></wAxis>
</worldTransform>
</keyFrame>
<keyFrame num="15">
<keyTime>0.625</keyTime>
<localTransform>
<xAxis><x>0.984808</x><y>0.000000</y><z>0.173648</z><w>0.000000</w></xAxis>
<yAxis><x>-0.000000</x><y>1.000000</y><z>0.000000</z><w>0.000000</w></yAxis>
<zAxis><x>-0.173648</x><y>-0.000000</y><z>0.984808</z><w>0.000000</w></zAxis>
<wAxis><x>0.000000</x><y>0.165686</y><z>-0.076468</z><w>1.000000</w></wAxis>
</localTransform>
<worldTransform>
<xAxis><x>0.984808</x><y>-0.029725</y><z>0.171085</z><w>0.000000</w></xAxis>
<yAxis><x>0.000000</x><y>0.985240</y><z>0.171180</z><w>0.000000</w></yAxis>
<zAxis><x>-0.173648</x><y>-0.168579</y><z>0.970272</z><w>0.000000</w></zAxis>
<wAxis><x>0.000000</x><y>0.938032</y><z>-0.085032</z><w>1.000000</w></wAxis>
</worldTransform>
</keyFrame>
<keyFrame num="16">
<keyTime>0.666667</keyTime>
<localTransform>
<xAxis><x>0.984808</x><y>0.000000</y><z>0.173648</z><w>0.000000</w></xAxis>
<yAxis><x>-0.000000</x><y>1.000000</y><z>0.000000</z><w>0.000000</w></yAxis>
<zAxis><x>-0.173648</x><y>-0.000000</y><z>0.984808</z><w>0.000000</w></zAxis>
<wAxis><x>0.000000</x><y>0.165686</y><z>-0.076468</z><w>1.000000</w></wAxis>
</localTransform>
<worldTransform>
<xAxis><x>0.984808</x><y>-0.029725</y><z>0.171085</z><w>0.000000</w></xAxis>
<yAxis><x>0.000000</x><y>0.985240</y><z>0.171180</z><w>0.000000</w></yAxis>
<zAxis><x>-0.173648</x><y>-0.168579</y><z>0.970272</z><w>0.000000</w></zAxis>
<wAxis><x>0.000000</x><y>0.938032</y><z>-0.085032</z><w>1.000000</w></wAxis>
</worldTransform>
</keyFrame>
<keyFrame num="17">
<keyTime>0.708333</keyTime>
<localTransform>
<xAxis><x>0.991445</x><y>0.000000</y><z>0.130526</z><w>0.000000</w></xAxis>
<yAxis><x>-0.000000</x><y>1.000000</y><z>0.000000</z><w>0.000000</w></yAxis>
<zAxis><x>-0.130526</x><y>-0.000000</y><z>0.991445</z><w>0.000000</w></zAxis>
<wAxis><x>0.000000</x><y>0.165686</y><z>-0.076468</z><w>1.000000</w></wAxis>
</localTransform>
<worldTransform>
<xAxis><x>0.991445</x><y>-0.022343</y><z>0.128600</z><w>0.000000</w></xAxis>
<yAxis><x>0.000000</x><y>0.985240</y><z>0.171180</z><w>0.000000</w></yAxis>
<zAxis><x>-0.130526</x><y>-0.169715</y><z>0.976811</z><w>0.000000</w></zAxis>
<wAxis><x>0.000000</x><y>0.964998</y><z>-0.085032</z><w>1.000000</w></wAxis>
</worldTransform>
</keyFrame>
<keyFrame num="18">
<keyTime>0.75</keyTime>
<localTransform>
<xAxis><x>0.996195</x><y>0.000000</y><z>0.087156</z><w>0.000000</w></xAxis>
<yAxis><x>-0.000000</x><y>1.000000</y><z>0.000000</z><w>0.000000</w></yAxis>
<zAxis><x>-0.087156</x><y>-0.000000</y><z>0.996195</z><w>0.000000</w></zAxis>
<wAxis><x>0.000000</x><y>0.165686</y><z>-0.076468</z><w>1.000000</w></wAxis>
</localTransform>
<worldTransform>
<xAxis><x>0.996195</x><y>-0.014919</y><z>0.085869</z><w>0.000000</w></xAxis>
<yAxis><x>0.000000</x><y>0.985240</y><z>0.171180</z><w>0.000000</w></yAxis>
<zAxis><x>-0.087156</x><y>-0.170528</y><z>0.981491</z><w>0.000000</w></zAxis>
<wAxis><x>0.000000</x><y>0.991964</y><z>-0.085032</z><w>1.000000</w></wAxis>
</worldTransform>
</keyFrame>
<keyFrame num="19">
<keyTime>0.791667</keyTime>
<localTransform>
<xAxis><x>0.999048</x><y>0.000000</y><z>0.043619</z><w>0.000000</w></xAxis>
<yAxis><x>-0.000000</x><y>1.000000</y><z>0.000000</z><w>0.000000</w></yAxis>
<zAxis><x>-0.043619</x><y>-0.000000</y><z>0.999048</z><w>0.000000</w></zAxis>
<wAxis><x>0.000000</x><y>0.165686</y><z>-0.076468</z><w>1.000000</w></wAxis>
</localTransform>
<worldTransform>
<xAxis><x>0.999048</x><y>-0.007467</y><z>0.042976</z><w>0.000000</w></xAxis>
<yAxis><x>0.000000</x><y>0.985240</y><z>0.171180</z><w>0.000000</w></yAxis>
<zAxis><x>-0.043619</x><y>-0.171017</y><z>0.984302</z><w>0.000000</w></zAxis>
<wAxis><x>0.000000</x><y>1.018930</y><z>-0.085032</z><w>1.000000</w></wAxis>
</worldTransform>
</keyFrame>
<keyFrame num="20">
<keyTime>0.833333</keyTime>
<localTransform>
<xAxis><x>1.000000</x><y>0.000000</y><z>-0.000000</z><w>0.000000</w></xAxis>
<yAxis><x>0.000000</x><y>1.000000</y><z>0.000000</z><w>0.000000</w></yAxis>
<zAxis><x>0.000000</x><y>0.000000</y><z>1.000000</z><w>0.000000</w></zAxis>
<wAxis><x>0.000000</x><y>0.165686</y><z>-0.076468</z><w>1.000000</w></wAxis>
</localTransform>
<worldTransform>
<xAxis><x>1.000000</x><y>0.000000</y><z>-0.000000</z><w>0.000000</w></xAxis>
<yAxis><x>0.000000</x><y>0.985240</y><z>0.171180</z><w>0.000000</w></yAxis>
<zAxis><x>0.000000</x><y>-0.171180</y><z>0.985240</z><w>0.000000</w></zAxis>
<wAxis><x>0.000000</x><y>1.045896</y><z>-0.085032</z><w>1.000000</w></wAxis>
</worldTransform>
</keyFrame>
<keyFrame num="21">
<keyTime>0.875</keyTime>
<localTransform>
<xAxis><x>0.999048</x><y>0.000000</y><z>-0.043619</z><w>0.000000</w></xAxis>
<yAxis><x>0.000000</x><y>1.000000</y><z>0.000000</z><w>0.000000</w></yAxis>
<zAxis><x>0.043619</x><y>0.000000</y><z>0.999048</z><w>0.000000</w></zAxis>
<wAxis><x>0.000000</x><y>0.165686</y><z>-0.076468</z><w>1.000000</w></wAxis>
</localTransform>
<worldTransform>
<xAxis><x>0.999048</x><y>0.007467</y><z>-0.042976</z><w>0.000000</w></xAxis>
<yAxis><x>0.000000</x><y>0.985240</y><z>0.171180</z><w>0.000000</w></yAxis>
<zAxis><x>0.043619</x><y>-0.171017</y><z>0.984302</z><w>0.000000</w></zAxis>
<wAxis><x>0.000000</x><y>1.018930</y><z>-0.085032</z><w>1.000000</w></wAxis>
</worldTransform>
</keyFrame>
<keyFrame num="22">
<keyTime>0.916667</keyTime>
<localTransform>
<xAxis><x>0.996195</x><y>0.000000</y><z>-0.087156</z><w>0.000000</w></xAxis>
<yAxis><x>0.000000</x><y>1.000000</y><z>0.000000</z><w>0.000000</w></yAxis>
<zAxis><x>0.087156</x><y>0.000000</y><z>0.996195</z><w>0.000000</w></zAxis>
<wAxis><x>0.000000</x><y>0.165686</y><z>-0.076468</z><w>1.000000</w></wAxis>
</localTransform>
<worldTransform>
<xAxis><x>0.996195</x><y>0.014919</y><z>-0.085869</z><w>0.000000</w></xAxis>
<yAxis><x>0.000000</x><y>0.985240</y><z>0.171180</z><w>0.000000</w></yAxis>
<zAxis><x>0.087156</x><y>-0.170528</y><z>0.981491</z><w>0.000000</w></zAxis>
<wAxis><x>0.000000</x><y>0.991964</y><z>-0.085032</z><w>1.000000</w></wAxis>
</worldTransform>
</keyFrame>
<keyFrame num="23">
<keyTime>0.958333</keyTime>
<localTransform>
<xAxis><x>0.991445</x><y>0.000000</y><z>-0.130526</z><w>0.000000</w></xAxis>
<yAxis><x>0.000000</x><y>1.000000</y><z>0.000000</z><w>0.000000</w></yAxis>
<zAxis><x>0.130526</x><y>0.000000</y><z>0.991445</z><w>0.000000</w></zAxis>
<wAxis><x>0.000000</x><y>0.165686</y><z>-0.076468</z><w>1.000000</w></wAxis>
</localTransform>
<worldTransform>
<xAxis><x>0.991445</x><y>0.022343</y><z>-0.128600</z><w>0.000000</w></xAxis>
<yAxis><x>0.000000</x><y>0.985240</y><z>0.171180</z><w>0.000000</w></yAxis>
<zAxis><x>0.130526</x><y>-0.169715</y><z>0.976811</z><w>0.000000</w></zAxis>
<wAxis><x>0.000000</x><y>0.964998</y><z>-0.085032</z><w>1.000000</w></wAxis>
</worldTransform>
</keyFrame>
<keyFrame num="24">
<keyTime>1</keyTime>
<localTransform>
<xAxis><x>0.984808</x><y>0.000000</y><z>-0.173648</z><w>0.000000</w></xAxis>
<yAxis><x>0.000000</x><y>1.000000</y><z>0.000000</z><w>0.000000</w></yAxis>
<zAxis><x>0.173648</x><y>0.000000</y><z>0.984808</z><w>0.000000</w></zAxis>
<wAxis><x>0.000000</x><y>0.165686</y><z>-0.076468</z><w>1.000000</w></wAxis>
</localTransform>
<worldTransform>
<xAxis><x>0.984808</x><y>0.029725</y><z>-0.171085</z><w>0.000000</w></xAxis>
<yAxis><x>0.000000</x><y>0.985240</y><z>0.171180</z><w>0.000000</w></yAxis>
<zAxis><x>0.173648</x><y>-0.168579</y><z>0.970272</z><w>0.000000</w></zAxis>
<wAxis><x>0.000000</x><y>0.938032</y><z>-0.085032</z><w>1.000000</w></wAxis>
</worldTransform>
</keyFrame>
</KeyFrames>
</animBone>
<animBone boneIndex="2">
<KeyFrames numKeys="25">
<keyFrame num="0">
<keyTime>0</keyTime>
<localTransform>
<xAxis><x>1.000000</x><y>0.000000</y><z>0.000000</z><w>0.000000</w></xAxis>
<yAxis><x>0.000000</x><y>1.000000</y><z>0.000000</z><w>0.000000</w></yAxis>
<zAxis><x>0.000000</x><y>0.000000</y><z>1.000000</z><w>0.000000</w></zAxis>
<wAxis><x>-0.000000</x><y>0.205759</y><z>-0.020860</z><w>1.000000</w></wAxis>
</localTransform>
<worldTransform>
<xAxis><x>1.000000</x><y>0.000000</y><z>0.000000</z><w>0.000000</w></xAxis>
<yAxis><x>0.000000</x><y>1.000000</y><z>0.000000</z><w>0.000000</w></yAxis>
<zAxis><x>0.000000</x><y>0.000000</y><z>1.000000</z><w>0.000000</w></zAxis>
<wAxis><x>-0.000000</x><y>1.218011</y><z>-0.135383</z><w>1.000000</w></wAxis>
</worldTransform>
</keyFrame>
<keyFrame num="1">
<keyTime>0.0416667</keyTime>
<localTransform>
<xAxis><x>0.984808</x><y>0.000000</y><z>-0.173648</z><w>0.000000</w></xAxis>
<yAxis><x>0.000000</x><y>1.000000</y><z>0.000000</z><w>0.000000</w></yAxis>
<zAxis><x>0.173648</x><y>0.000000</y><z>0.984808</z><w>0.000000</w></zAxis>
<wAxis><x>-0.000000</x><y>0.205759</y><z>-0.020860</z><w>1.000000</w></wAxis>
</localTransform>
<worldTransform>
<xAxis><x>0.939693</x><y>0.058547</y><z>-0.336972</z><w>0.000000</w></xAxis>
<yAxis><x>0.000000</x><y>0.985240</y><z>0.171180</z><w>0.000000</w></yAxis>
<zAxis><x>0.342020</x><y>-0.160856</y><z>0.925823</z><w>0.000000</w></zAxis>
<wAxis><x>-0.003622</x><y>1.144271</y><z>-0.070050</z><w>1.000000</w></wAxis>
</worldTransform>
</keyFrame>
<keyFrame num="2">
<keyTime>0.0833333</keyTime>
<localTransform>
<xAxis><x>0.984808</x><y>0.000000</y><z>-0.173648</z><w>0.000000</w></xAxis>
<yAxis><x>0.000000</x><y>1.000000</y><z>0.000000</z><w>0.000000</w></yAxis>
<zAxis><x>0.173648</x><y>0.000000</y><z>0.984808</z><w>0.000000</w></zAxis>
<wAxis><x>-0.000000</x><y>0.205759</y><z>-0.020860</z><w>1.000000</w></wAxis>
</localTransform>
<worldTransform>
<xAxis><x>0.939693</x><y>0.058547</y><z>-0.336972</z><w>0.000000</w></xAxis>
<yAxis><x>0.000000</x><y>0.985240</y><z>0.171180</z><w>0.000000</w></yAxis>
<zAxis><x>0.342020</x><y>-0.160856</y><z>0.925823</z><w>0.000000</w></zAxis>
<wAxis><x>-0.003622</x><y>1.144271</y><z>-0.070050</z><w>1.000000</w></wAxis>
</worldTransform>
</keyFrame>
<keyFrame num="3">
<keyTime>0.125</keyTime>
<localTransform>
<xAxis><x>0.984808</x><y>0.000000</y><z>-0.173648</z><w>0.000000</w></xAxis>
<yAxis><x>0.000000</x><y>1.000000</y><z>0.000000</z><w>0.000000</w></yAxis>
<zAxis><x>0.173648</x><y>0.000000</y><z>0.984808</z><w>0.000000</w></zAxis>
<wAxis><x>-0.000000</x><y>0.205759</y><z>-0.020860</z><w>1.000000</w></wAxis>
</localTransform>
<worldTransform>
